130.211850127693
131.393880194607
130.819837566332
131.518986440151
136.403804147238
128.895791231859
131.776306138017
130.521251480776
136.584538138901
126.670017506617
127.036303177323
128.781330060283
131.828511543654
128.067578789412
118.933188512424
128.347602729453
126.710665810815
133.448383187605
129.935160450567
122.885225534076
127.10374346462
129.361766498174
129.623306586072
125.654766110271
125.322373238589
123.338170677276
130.175198445498
128.216301740661
126.334876461542
123.522615628157
124.64678832893
122.764775701507
128.018471063987
130.950808472912
133.996506674547
123.744536029215
127.680721914905
126.852493790383
129.16607741838
127.991618998934
120.3414390617
125.527937168761
120.504737891303
127.766275919381
122.377689327139
127.690867971433
125.622997455519
129.99604738326
132.60085354508
130.665217054027
130.300023304775
119.057529420121
122.491570689903
124.470555336778
118.012760345714
127.931128202098
126.273236237017
129.356254045893
128.220109805867
127.449354582928
118.733285508129
122.094587911714
129.890136688593
128.330941711522
122.153833020678
122.70936178615
128.886432211672
122.817275143423
131.17969225568
130.817368775989
123.796447392073
120.586676431609
130.919146479857
121.496732784685
124.27332382638
129.764433328521
120.346069383615
130.540942356545
123.203383093733
122.72292813139
120.133615737228
125.145392210194
123.031091999006
128.771993978904
115.901386514882
122.803984863395
120.140160072708
133.100667525378
119.719211944753
120.363504884502
121.508239725071
132.46787284868
119.108588425035
129.14771770585
125.291354020984
121.656116905167
117.023337795874
125.226681991528
125.6325853419
126.225242435748
120.548467949413
118.906967093347
118.774120984133
123.150159855933
120.719981837383
122.9863178053
118.319517777092
126.880739217165
118.543624190359
120.961582839835
125.163531525674
121.397894765356
128.078787976393
126.448976886512
121.48239115603
126.547173308531
116.173495870616
125.911649926627
117.867326112044
129.001127013532
122.82277088782
122.225298035573
128.534936818993
116.98207191581
121.801160479561
125.956046007252
115.005431531581
125.498758848687
122.901998343753
120.618240728119
124.40720392298
119.683156256403
127.584185538772
122.525145832892
118.49452153859
116.524380610225
119.086569108722
116.117390627741
123.995656657678
116.228626490526
119.144504566549
121.314031723407
127.956038581365
121.68170731771
122.664787709017
121.468844878053
123.297505110179
120.820506185149
120.062109668567
117.570497842279
123.35326830516
122.433105062596
114.404227112203
114.679133754639
128.141522865006
120.529786659531
120.251285333027
128.659775406518
124.13053393516
124.563595887872
120.68760839813
118.472998354928
119.373739448866
121.62031581827
119.142599803461
118.025193720287
115.241404059566
128.007486587191
113.567375193312
125.117910508737
123.61446799601
120.334378547594
113.98819347331
120.801186291705
121.767691676631
115.770256009666
123.085559935366
116.813407859875
116.11633080418
126.350645298889
124.646237733411
120.162557286899
124.224034877699
122.677469643508
128.286791492184
118.251228161662
118.205757012757
118.078699161392
120.109970387585
121.724046512197
121.500905857061
115.031693212832
122.412374994398
125.365312523029
120.235834942203
117.778054138527
116.439011168819
128.122331950798
122.028942717905
117.465827590699
115.943580026788
119.022807991078
124.148502133797
123.715462136644
123.213824695519
120.288044602004
124.347732272804
119.250836811777
113.918237310146
117.3731153966
111.770959494327
117.972931016917
124.587675163645
117.769552097124
118.234169742744
121.706374406505
117.121635054991
110.728791615471
119.00031385493
120.907505826429
120.278963086553
111.897895598154
112.511868174756
120.205427008672
117.835039124325
119.48366181218
121.773684875076
123.375430770702
114.691640068281
119.034172210864
117.06297661504
117.506738259961
119.221810227018
117.038998690214
120.229307212969
112.554324038839
118.303855034231
122.981102209017
111.49999052986
117.987575661754
123.356091368909
115.439166919111
116.050229767203
117.718761105283
113.093150716328
121.760262697025
123.100224592029
114.825582415634
117.718795794087
118.023381128725
115.969757890592
113.507035432294
120.284953954232
124.031189043965
113.42841508073
120.488085327822
111.555315027212
128.047568505987
117.04601004809
111.567245623025
121.20280222755
120.608127091959
120.024730968174
116.838338289604
124.354131605245
121.796107476856
117.490037570283
117.505886240536
119.332348647505
108.995414644652
121.938629678694
119.451882616105
123.150569342538
120.159395922947
121.137358731014
111.22835723494
111.712396795935
119.245394415882
118.997479582754
121.643210315212
111.160971257552
117.237087897735
120.573649304776
118.660786842615
115.766523195465
117.110237682683
124.761429428182
118.406988567435
119.728331992508
122.676974641327
112.92084235848
119.342085821067
117.116635306166
114.069612997838
122.835313496723
114.574411724303
118.452827666541
115.998437777789
114.739130987501
109.861180151912
121.515121116814
115.990441300055
111.031687180651
114.161756061201
110.257317684743
116.501046108476
117.655419411069
115.324245512105
122.725399833643
117.22746456928
114.677170635362
118.009076775289
113.604400244806
121.196777062475
116.896596186853
119.951612272421
119.123441235205
111.064684024209
122.960744423116
112.049534435317
119.304326093805
110.729463474827
124.272906248832
119.089055109652
122.569242298021
109.802294842295
119.54459933918
118.016981887769
120.597292086096
116.602747874348
115.67842927209
116.172086656451
118.244652995554
122.253585794898
117.407462033148
118.017408604609
120.228548714733
109.26946723085
117.028529501369
115.299150597573
117.265913575535
122.426751839907
109.97267578514
123.947065337492
114.281232460261
119.911040331512
113.080010667672
115.209804170496
122.227085282931
115.705806407529
115.483074756825
113.703576246402
116.425608581291
113.494110686669
116.342569689535
107.990624348605
113.142114293879
118.340673833833
112.80199486564
113.531529649874
113.211442247373
116.448102352246
115.632255937163
114.563636732832
113.266394331437
116.0004622958
120.356834451241
117.803692269993
113.592271842408
111.815949419581
114.15519503137
112.279329718088
115.66328200242
118.43915709323
114.407653294417
117.676217018756
118.985515613973
117.578453351967
118.795588151618
121.364395431467
118.481584494647
121.152278549358
114.002860478179
115.301098588337
110.221641996515
114.792675564613
118.360594920501
109.047902344089
117.367643403394
108.404182276613
115.347722226863
113.784617890739
112.265131827664
111.036133318534
115.313215800582
116.036096092027
125.641605309932
120.400651021735
109.550405120505
112.724419057042
119.766823886412
118.38329986066
116.465501976969
119.087062743262
113.018293855891
118.056666876685
114.723127333589
117.355555980553
118.312476818767
108.796876095984
119.959566003781
114.80273108495
110.079889683769
119.059144704334
112.626196141184
118.470168903069
110.696774303177
109.717749961509
115.18172181676
115.348685826898
112.930647184541
119.463354981144
113.893094741627
117.613992177871
114.009454210311
113.503891874978
121.727746610134
118.383014860726
111.48843026906
122.123286874185
115.300008264426
109.513197370217
116.096456563304
118.795322840319
114.150022778942
116.059131130532
110.709755903385
115.338529138265
120.820289728129
118.677017659739
112.266442697583
115.839897029641
115.884102703944
117.198989706059
113.676595089305
110.118138767561
119.489895682287
116.476173958203
117.919845188803
123.717296565313
118.917869986144
118.33120739396
117.236191440944
118.454858103944
116.108717544259
122.146362391239
116.689060161792
124.908875798053
113.853601432462
112.440315158237
118.469459280971
119.992805253357
125.355943407382
113.928032479415
120.747321982226
115.381807765945
117.206956905512
116.706826426113
117.223600216305
110.516229640146
121.998690011577
117.50204028666
116.743171699256
113.004666765494
122.241703918358
124.494608508349
115.588335376692
115.001157889614
117.867127601849
112.997855793769
117.404130418743
117.836711115228
115.314783578021
123.521680098159
111.717903568924
114.967811170833
118.940290621251
114.340363560219
114.544495749572
119.531111716502
113.135021449785
118.691109228054
117.494967723234
110.084800997933
116.997545522759
118.383314374099
109.750700758535
116.62562779424
122.553063036379
130.439213625477
