-0.442727915605807,0.0796685346104256,0.0458137689158917,0.0109793442634483,0.864635658935263,0.103754656470692,-0.265726616706155,0.133673928656749,-0.150170601120972,0.203676274874856,0.197024003167927,0.110884493000553,0.12699922707911,-0.237610028338338,0.0940288779939595,-0.217231603272435,0.117748583853027,-0.0972017963642532,-0.109584893855784,-0.0045782468863953,-0.0211865570578011,-0.0348907759879387
0.0589422036967533,-0.513626847096778,-1.0378896778192,-0.038092537668219,-0.463240797444058,0.0559588244366401,-0.132580647161093,0.0937280877173556,0.0213874846258877,0.0919988273577552,0.308640574919229,0.0984722654370286,-0.134963742308854,0.383429398578226,0.21968312592972,0.548714636626624,0.0565360361615518,0.0494428398394098,-0.203276664470613,-0.216072572179781,0.212864287593438,-0.137684684555589
0.766317514372267,-0.474192793183482,0.694824539247629,0.0366412535551079,1.08892006329237,-0.0240165848397225,-0.00485759300597216,1.01295442515238,-0.0891595439329746,-0.297940014361556,0.0414527765027083,-0.301599289547236,0.0652135290958004,0.333697547354395,0.171619568545872,-1.04382434661278,0.030408580768823,-0.0831074583996887,-0.0963187717045033,-0.485867685235397,-0.149474281805823,-0.0901056246671611
-1.0055043823609,-0.190278343011098,1.15724042049138,-0.0913761745298303,0.46351539244194,0.24465126474004,-0.253642653427344,0.858755781101527,-0.231833109817435,0.178446269010506,0.113441859661426,-0.079631193504971,0.483195973181466,-0.0336051857437332,-0.0642542940380876,1.34481484365836,-0.275673508809493,0.0101558239705302,0.121727548797023,-0.12675664183382,-0.269529575254098,0.0691839318398304
-0.0131390277830208,1.37408775494418,-1.38751175995216,0.117577952208372,-0.675052418157855,-0.135753832523136,0.109792314644181,-1.10826926556368,-0.133809901398419,-0.169724462403569,-0.0971855549866111,0.280982308168026,-0.0543109898378869,-0.122453933414334,0.18660198260404,-0.93981716375068,0.195161037106624,0.26711211815051,-0.029862807030492,-0.0354393455190748,-0.328035180253716,0.107586693523633
-0.919450712715927,-1.10005435110319,1.20969780231937,-0.329307491033057,-0.0947397857480889,0.0282299130010499,-0.105483676654528,-0.721366039113843,0.0760410625288047,-0.339518952676736,0.0528350994755308,-0.212891533304976,0.215655156325293,-0.266383671517324,-0.162928803112479,0.842852665878041,-0.224368054533096,-0.272859973850958,-0.364391862323833,-0.0549205169646398,0.414576911683759,0.1164934413974
1.05665848461015,-0.0853057221165621,-0.00694041836449633,-0.0122574887420741,0.928994913913897,-0.202598251182399,-0.0808309428638937,0.310489153287354,0.166086161637481,0.243415305317787,-0.200850834823325,0.228406116205339,-0.0824138762683715,-0.0178213203270849,0.278007981265743,0.220096921322706,0.167798282676201,-0.0634797740256731,0.0130794442998406,0.0661932323246497,0.224006092919191,-0.314219257116265
-0.554601779296187,-0.433615295067618,-1.49975241134896,0.00724637413277152,0.0258941074420993,-0.130104545712336,0.00620073142422661,-1.07995484087558,-0.0548648164513517,0.38257190974288,0.0755483006983594,0.0285098802017427,-0.110191548721708,0.145569511295644,-0.319131610115781,-1.35988551092178,-0.07655617557093,0.118748244051709,-0.231399457602516,0.150505680627679,-0.00596756683599009,0.248540414826247
-0.314630594562102,-0.0290276316076103,-0.313981175998963,-0.129139060060025,1.46154052098325,0.419032624344629,-0.341196592505107,-0.00343079688613224,0.3327590216889,0.0269481148097855,-0.206417547923803,-0.243852451906696,-0.0862285118504961,0.0686952887092266,0.0116886537459556,0.375853672616373,-0.253187385208625,-0.00413743604771633,-0.400430249619158,-0.448864341204639,0.110039976618154,0.156778914519919
1.52564097783797,0.636218514157871,-0.14434626634683,0.19302686640226,-1.48283158194839,0.281898174781194,0.215868412932404,0.499368894846811,0.218524122897815,0.117229041213642,0.109895806292187,0.0621927397379133,0.231951006342449,-0.00057335586815499,0.0531592411077783,0.17901536955761,0.0871791646106505,0.168765749289218,0.0842709137667508,0.00854523673253893,-0.240790190863595,0.31309592646248
0.0478290827700927,0.699036925419948,2,-0.168700097587721,0.35175125874302,0.275436717483656,0.194862964150926,-0.995898898649546,-0.335227307459252,0.331175803133439,-0.18127585131504,0.202815789717036,0.148994193015405,-0.201476662186449,-0.0795593739724735,0.357340095353221,-0.146038222069171,-0.323641255262011,0.0281002804803229,0.233300850328126,-0.0957608183823154,0.26150106585638
0.68005215075971,-1.18408452494115,-0.228180019154888,0.148520952619927,-1.214446301032,-0.394505462162525,0.0919327932823556,1.26862712808335,0.180878201095429,-0.211779419750591,0.240225444196593,-0.452598710622527,0.0416488182302284,0.273183613216324,0.157703458942779,-0.389426037600811,-0.133936726257717,0.228961978538731,-0.193593420326602,0.295546968098696,0.454314962739287,0.00150699191242398
-1.54514783037613,-0.680168616045551,-0.104360603641336,0.318174861140603,-1.40855430085492,0.18474230957661,-0.331591968359248,0.962038493319752,0.115880657731389,0.266490254494543,0.0713536590524121,-0.130821329459777,-0.035682783851181,0.0244451530057656,-0.00619152950181306,-1.29088732466115,0.213988282088139,-0.426376794180849,-0.287547351724917,-0.180092735853144,-0.0836941256327509,-0.297703612256184
-0.409480296184187,1.29728710080636,0.771405549004667,0.218973737605749,0.617908259937602,0.458831966262877,-0.101525682063672,-0.904633132362437,0.149567717323907,0.0742024504303054,0.139054577967724,0.476906678978604,-0.392462682288663,0.198013043859608,0.122193328025484,-0.655799861656734,0.0668487302438475,0.22066670331432,-0.00655989268025337,-0.0993993726229018,0.286205644924568,0.321469197490487
1.55627145780547,0.475154035563818,-1.43284872252586,-0.138127106580208,-0.0477639965888039,-0.0858003806776074,0.125740301531285,-0.942599840424496,-0.29753803411055,-0.468218274343023,0.18767153555591,-0.170122892957858,0.0853990082081787,0.0492275845990038,0.0868498504262161,-0.88697321644205,-0.329169981258706,-0.0238335139082326,0.228860508896514,-0.5,0.000117913860436691,-0.165600153115256
-0.713402727222889,0.598152663865164,0.190224964422948,-0.252292467096515,-1.90101757617523,0.129068112184399,-0.304785734617069,1.67360994843355,-0.159067508638434,-0.108474412443225,-0.140901397447584,0.297029966116759,0.20710802698925,0.223245226429328,0.106471090332608,-1.66020380542802,0.41259317069332,0.28378258511117,-0.271010101900671,0.0554149245520809,0.331019005660044,-0.336060217591122
0.289062072781821,-1.02206486543761,1.33290590546421,0.029541151236483,-0.907745082459804,-0.103146707836566,0.0566641413297128,-2,-0.43785286399003,-0.265189798941348,0.257353899718457,-0.0388387764407626,0.0756279828730558,-0.105277705045199,0.22855563254381,-0.293962637612418,-0.392575187848426,0.156456902298744,-0.2475512555271,-0.0234313274944567,-0.0462399993632203,0.403816252487908
-0.66795935456255,1.14152376395014,0.225137309199114,-0.116378170204409,1.52836088245038,-0.0914496322427396,-0.0371112112893697,1.63775434100818,-0.384293015357536,0.0536846503031407,0.410040170313815,-0.258354731446351,-0.373049680868531,-0.119257047273552,-0.173270465333324,-1.02544196985889,0.229035836217615,-0.192359959212454,0.0179725240613631,0.139446875111409,-0.440827449707288,-0.141896321312285
1.49184783426599,-0.259102089305291,-1.33560471336684,0.134894920144007,-0.234258847270927,0.319568762083971,0.115778741189451,0.0492187957064045,0.0115550945315644,0.482077414875867,0.351429862642192,-0.0991943869446137,-0.38200705294073,0.219209023896605,-0.181283598431554,-0.049399070645904,0.448113564177669,0.402318265062699,0.203568677747854,0.368565808432491,0.268071693526954,-0.0212616961904836
1.14112836242448,-0.886740246379624,-1.74985056052134,0.0694003273617184,-0.340798977621859,-0.00748411682082717,0.302846082321383,-1.42552479264124,0.310307193800404,0.12447417344872,-0.294404795421114,0.00373436695820295,0.0347402726244186,-0.242485740990027,0.0785149507997719,-1.13323147270241,-0.414395906669901,-0.22030129185121,-0.369170953476407,0.216767835380505,-0.206028099933778,-0.21772410756089
0.161637256369923,-0.566250995623803,-1.12141068769012,-0.338434578203755,0.769921958401731,-0.0129037989709853,0.45734458940513,0.455791648701422,0.374437930972248,-0.5,0.171206258655617,-0.12039151435245,-0.250474748652924,-0.0596750976307366,0.2569447778756,0.976138070865201,-0.0112096297929432,0.0864626264166073,0.29522535734609,0.119623168643397,-0.251772454946047,-0.181923405589384
0.440302069193008,0.468410459856409,0.541841026417498,-0.483506302151987,-0.94433296463118,-0.334261432165057,0.247722056130102,0.662953356276105,-0.180657462985366,-0.0514555717361618,-0.104702647750215,0.331206542327332,0.0508138527888854,0.158986900407169,0.205751308614714,-0.168999143793534,0.30956780120577,-0.346412270532116,0.366138480495182,0.186578786946607,-0.301321767117232,0.279622704078292
0.185911885755993,-1.19288112275039,1.6072793168077,-0.495847921437182,-0.629220934335051,0.221856742187412,-0.235526085672879,0.786850502629715,0.337347256118002,-0.0284229519496764,-0.0141981433149509,0.158903742728822,-0.0193045998703618,0.359482532766893,0.135474753961963,1.59911357706975,-0.239511016284712,-0.25111589668609,0.0720527701094487,-0.283874757269929,0.246198053806347,0.0848646482029732
1.32658005779326,0.315785209455168,-0.298873770202686,0.266417876346075,0.53732581542954,-0.165304223567799,-0.396111519125464,0.342798380538449,-0.0747799456514049,0.5,0.36248586061537,0.320713745845917,0.283877649974164,0.407365545263026,0.339336067477787,0.0333693666031434,0.414679000791497,-0.167225323046132,0.0364884914143629,0.178465995064903,-0.144309679300577,0.225190943141701
-1.63454786006351,-0.81048721546672,-1.17435434632961,0.04627017771979,1.22777646507866,0.0422972356288032,-0.221276257347702,-0.211096167372743,0.318741936420982,-0.443690219022283,-0.00305966994244061,0.139759438781587,0.229761299247086,-0.449680969870944,0.133283062286368,-0.507928257497517,-0.335126472846014,-0.196934327356488,0.372233844247339,0.264577420743452,-0.232674920372851,0.0330590570297195
1.24799509915744,1.34738312249397,0.102184524853356,0.301365226733336,0.366719999197919,-0.433945158263133,0.364284951289885,1.47500386015714,0.277027205887301,-0.159867445629483,0.101365738573452,-0.143713560931622,-0.408110588171517,-0.5,-0.2792488409331,-1.49609950032726,-0.347359196972144,-0.490017816073946,-0.484575442131502,-0.137331422888559,0.270476649450236,-0.0559673092881752
0.849935353730266,1.27000007474114,0.878255893721957,0.0870388029715787,0.0649550673218466,0.288956479219856,0.0312883336555889,1.95393027503024,-0.286137677020333,-0.00813655605201641,0.125851152040417,0.490903681621596,0.0199112795540932,-0.479114412863243,0.302035647077617,-0.079587712090101,0.246362487381584,0.148893207950121,0.175274093389697,-0.277845873352053,-0.0394871854884825,-0.266780309088581
-0.512126404764071,-0.158346122353577,1.70070528809792,0.161794898580546,0.849420309478532,0.340534394376125,-0.363908340068033,0.169022843528284,0.0301530424234371,-0.0862220096366261,-0.492102694435656,0.46306388347144,0.311932601771658,0.0715844895086635,-0.368648941499463,0.254457748240064,0.429866113208762,0.179840588288904,-0.341201235324487,0.0827798937999454,-0.319085439087443,-0.370313224113062
-0.820067178122057,-0.837259281712904,-1.28867706363157,0.178914455113034,0.725185458388993,0.102066782143877,0.168703143703209,0.544775625772905,0.249322032691723,0.226683473774549,0.344610830164667,-0.5,0.320212378196911,-0.0968798989383462,-0.0907251022726913,0.636334636144954,-0.151088614320088,0.5,-0.0397565127434462,0.269843662793679,-0.0715661935673641,0.383240617594255
0.598581424109638,0.422727049154718,-0.881563839195364,-0.0608070356383728,-1.8505228598114,-0.230779304825432,-0.481061975526599,-1.2898874893083,-0.418862789852414,-0.0612282062129596,0.473564763172206,-0.0584728172862715,-0.316379891358261,0.425449621772597,-0.142178778777605,-1.80437972398719,-0.0243223896034784,-0.127732668457882,0.144215619363816,0.0968446531703827,-0.120282635102774,-0.0928017850429801
1.37880056976772,1.00282320056091,1.77782280259402,-0.204577612058729,-1.93422145991793,-0.156606465104415,0.0777408215836473,-1.98058021295324,0.304543345766319,0.144013259136421,0.0173189133000052,-0.0639025957956897,0.118970871527367,-0.411575999963144,-0.134978008773455,-0.983808068004222,-0.0872786616203091,0.0682355923507634,0.44609373445677,0.0839221863181101,0.102402085621141,0.335905482818579
-0.0947060296786726,1.04623467442586,-1.79430480012123,-0.150630631613849,-2,-0.263802577245615,0.210526234365975,-1.79058320119841,0.0951000184449704,-0.368627254381625,-0.133624106535609,0.18955246188707,-0.181866632663021,0.5,0.0645117969482835,1.23104025158202,0.0765452492141413,-0.296474993946414,-0.279380076057576,-0.143552977690088,0.0186441290771561,0.134416297436774
0.72127415163454,-1.93640411490998,1.10753326535593,0.25088337596794,-0.68888157005327,0.247802506594,0.407394079858825,-0.521044509372736,0.0608886738765139,0.43037810419239,-0.32230685240593,-0.343665864804904,0.294723491058097,0.438516772378774,0.306091245611398,-1.89671864323046,-0.283211141860893,0.371389736852287,0.091818895824234,0.285238984645276,-0.186331289280658,-0.359401615851331
1.01206899478477,-1.32643610668428,-0.495830289191072,-0.361441560980535,-1.23083213349827,0.329377037751818,-0.441193407422567,-0.0590319482455326,-0.472303095092549,0.189051525909626,-0.0563336082841824,-0.409634491691391,-0.327799708404179,-0.186820334016249,-0.0699422259044135,-0.717248414191923,0.280424225268546,-0.147573890304744,-0.46144018398564,-0.0919077236410342,0.479155664299387,0.341403207744256
-0.87800558489389,0.934142157469804,0.976595662651675,-0.0268430426954514,-0.99269971424703,-0.149387617434341,-0.292140927239785,-0.191584606343544,-0.315508630560244,0.289291723779321,0.284181517518942,0.258692662497146,-0.00725209169780033,0.207685519553264,0.472393217571582,-2,-0.477446034980895,-0.29219831993505,-0.211349038450816,-0.368634192732062,0.449214389106323,-0.130882778458119
-0.196023057975891,-1.03867854485076,-0.934728617910095,0.102530148046955,1.93870588717132,-0.257223771442538,-0.0895702965278146,1.91652293314355,-0.343085519804948,-0.3330752553352,-0.463159033013554,-0.188078487535001,0.344308303638789,0.0573757684399013,0.424137845139304,0.0491433802804551,-0.188932953979744,0.477206621298307,0.0965341041069152,-0.461142715739416,0.19123604755494,0.0201627325713685
-1.47151360353515,-1.66718422804464,-0.447337374707982,-0.0523446120983356,-0.429652761702598,0.0154675028316449,-0.117727904335465,0.433022406241783,-0.203555524435564,-0.0988517896824962,0.427715825034609,0.311042988527261,-0.144450724179262,-0.132925810438472,-0.463116753704335,1.29234429056419,-0.0631956916127522,0.247514152024243,0.222633581503882,0.389534179246769,0.204084973552966,-0.107357800636437
0.647704962778785,0.969281939794608,-1.60228488422596,-0.21455935795528,-0.748901870866812,-0.212053964119433,0.396556015083677,1.4538527190893,-0.020731787564237,0.375816815412383,-0.28252918000812,-0.160373862726778,0.0909740595884684,0.0946966250483566,-0.0409750116205922,-1.38690703919145,0.181235955477586,0.0304652391963451,0.313896389658322,-0.440063545711205,0.179838309929579,-0.202592930965613
0.394505319374071,-1.48412667081812,1.26425289928294,-0.307548535029269,-1.07337154562311,0.308454655378503,-0.131998275820829,1.37563696958403,-0.000515279908270216,-0.396780988904341,-0.0350452541491441,-0.327669051245885,0.453190405885589,-0.0242385782462733,0.478614582334295,-1.43087177642211,0.284634272021882,0.381351310933915,-0.44403291523025,0.44370358598975,-0.0909738086442987,0.182146709513189
-1.20639309479607,-1.27495579965951,1.6598267176743,0.413736740549854,-0.173040986610536,0.496961727011629,0.283301603839559,1.37756465315331,-0.0445245119641928,-0.188488643355502,-0.0465071455917813,-0.176671250467277,-0.212108457749872,0.303554599379648,0.181936209256785,0.789624120148234,-0.0289913056242513,-0.441285342601139,0.435928511393706,0.244264725068124,0.397975235333287,-0.344096611743695
-0.792704924660276,-0.249403330231356,0.705249093099312,-0.392778950376204,1.61653270905432,-0.474305111982763,-0.190641626473558,-1.20140409832715,0.0492696756996709,0.232705379268317,-0.247754752488526,0.198214320798659,0.268114512033602,-0.350922646583605,-0.223308252860731,1.09928517116088,-0.167003480883254,0.386811055002118,0.280917986286902,-0.244328588562867,-0.257598211894092,0.5
-0.131352907524366,-0.586751055936732,0.411851605199815,0.466790213221781,1.12550762599896,0.5,0.149621928497655,0.747666645001748,-0.251972691767747,-0.482691100401463,-0.281454445842108,-0.266422770778919,0.342184167666862,-0.218970097242201,-0.476194081686578,0.695484567882541,-0.0566939145000298,-0.118747023713378,0.166479745985269,-0.226693306873561,-0.166437623486051,0.256412889773772
0.308311476226921,-1.61810803715615,-1.57123492759242,0.331109494606294,1.69381831641339,0.209818222306362,0.332093879279284,-1.57326288830322,0.0343263676576872,-0.314927653182727,0.478300986453651,-0.0399004046021693,-0.0707340006468432,0.033663231286703,-0.292543686914788,-1.64075179103734,0.0133614212953003,-0.0135353532820762,0.256416427247095,0.128544504678734,0.293007189249187,0.149349966883224
0.497217155223911,0.0435893521515043,0.63380564331925,-0.404442536823813,0.528036557509834,0.40931240815775,0.416515099285273,-0.581759536394371,0.230420753517501,-0.0675865653895507,0.38034970099848,0.421637807986858,0.406723535515458,-0.368187836618429,0.248100514118184,0.121875994722064,-0.292242379054534,-0.00126490719341243,-0.0516011039284357,0.41361079937642,0.436162728590872,-0.00152254715779138
0.931285053184704,-1.45523723054346,0.846833112755758,-0.0463746038650349,-1.50127785240092,-0.0352810839485014,0.27896170172358,-0.879952418505938,0.199274764734612,-0.223603175209089,-0.452916357037542,-0.232533597588101,-0.292804024551363,-0.0665748378728167,-0.057389555583779,1.88457500427342,0.5,-0.281135069551901,-0.383689116425979,0.167380748454839,-0.184840561538165,-0.406873835186715
0.784462072812816,1.21033451633467,1.0756258380096,0.211587655687315,0.794657065764641,-0.176080086801607,0.334090480045181,-1.78104203796183,-0.484187205087291,0.365800190462311,0.274834286716472,-0.00625736445467934,-0.11968939765546,-0.147972202561421,-0.114163968900765,-0.34273440404275,0.477950488674887,-0.0477459582933855,-0.350284790464068,-0.1629395391772,-0.0244046783198973,-0.157263372316158
1.16424346412911,-0.620452054246578,0.298270615891207,-0.253680495155939,-0.3753570391602,0.372632407916428,-0.14891895685553,-0.331089977086282,-0.194218683204208,0.44208229474228,0.14782172694609,-0.354744192604291,0.16495612429552,0.291989131698769,-0.031301761384311,0.588845666234784,0.350895195698474,-0.433105566497953,0.212903217744142,-0.467172725708056,-0.48922005002581,-0.303302432123079
-1.28385232533384,-1.9688070144215,0.535657460199198,0.201580113632534,-0.582073561787499,-0.40522728992202,0.0850792843019245,-1.14337172033673,-0.244355488768906,-0.254151832136426,-0.260298044519769,-0.462942690074782,-0.5,0.261546195567954,0.389040316493978,-1.24696833171804,0.00373267032081182,0.49320318452567,-0.0788414411433117,0.025398266094254,-0.157650277052241,-0.17617207799029
-0.17158315372176,-1.79756738424849,1.00884617690593,-0.195123854500049,1.74227071759265,0.300720632236097,-0.18296795685801,-1.84914693749514,0.450444695016441,0.259735151596126,-0.240763493179352,-0.227091738232928,-0.266453200533283,0.189820617607309,-0.403230857952333,2,0.394310668500373,-0.5,0.2689436910934,0.112225286248595,0.469400974050035,0.449935900635278
-0.0544037488399884,1.84178091843466,-0.771853242911579,0.0532290211598458,1.63315297449101,0.18352835303567,-0.0566668904909233,-0.480875000314881,0.396734327726806,0.0878724312498665,-0.223806192427495,0.431036439522596,0.101361165680943,-0.41975075129298,0.413634620513506,0.921251125694898,-0.116564650033967,0.277123625425148,-0.163321404440603,0.207525505372475,-0.5,0.163438689530123
0.344154791985355,-1.14161729178222,1.57914277183836,0.131365062363821,0.960385765595974,-0.297393050546558,-0.0469758123918622,1.7748741214012,-0.5,0.00279064208397051,0.453978175696048,0.0502170783440505,-0.22705753222262,-0.211146531963734,-0.253700604181232,-1.94454013143177,0.492947299709045,-0.159049250130103,0.259618166049353,-0.262888009504012,0.367191107455416,0.288839060919086
1.41273928080198,1.54703265610017,0.25861997376479,0.370815831584456,1.35225240216434,0.0410466980825646,0.268358583811601,1.71994104814306,-0.224040682229868,0.328240865323723,-0.0195181275170399,0.358979946165559,0.176639699576627,0.289039725846895,-0.382961833197708,1.96158403982113,0.321611312718952,0.126583743720396,-0.398196639570707,0.488045864971272,0.00914331534305401,-0.072546111578304
0.55347383467782,-0.35758425123997,0.0594226500531199,-0.314768509355008,1.9591847953718,-0.183972812594099,-0.315497120049615,-1.6536840240552,-0.0133288563173439,0.106059412907094,-0.0808895116850554,-0.47889855013125,-0.31694437137204,0.266270976740134,-0.358644628429557,-1.16930641120292,-0.12754930918825,0.139378523805747,-0.5,-0.322735638693051,-0.221807017861517,-0.426472802335736
-1.09923603920316,-0.00668549888676284,-1.87367583244538,0.390579238002312,-1.8201709694836,-0.275927940499535,-0.263033079356506,1.51434636326884,-0.491671177197874,0.0631577722751618,-0.478684860368303,0.287718126315924,0.160492637403522,0.349566113594089,0.44705834556631,-1.2362818607744,-0.0400079520555904,-0.233827752946806,-0.166112884524809,0.0443450290244554,-0.349081512516523,-0.0407995027686464
1.86042177234282,-1.25634301281865,-0.159736962546221,-0.409986496449271,-1.10734758182864,0.0654382623168553,-0.312312315423484,0.262962205138219,0.0890072260992688,-0.0390428666254518,0.0502110510457553,-0.191350038992758,-0.201707694699467,-0.334845725730562,0.335103245654231,-1.69357113906405,-0.0940386646030734,-0.306058938705777,0.354229954990764,0.0190369562377118,0.230669824701398,-0.463941764532549
-0.742774351546888,1.92926757549311,-0.551446993164341,0.287557216236884,-1.7676545033134,0.146291420948415,0.230343144398124,-1.58896678243811,-0.326227752474069,0.199507140076601,0.390961204158064,0.164886685715985,0.333360732704506,0.452887852850875,-0.488594374121793,0.417604960697942,0.101692214487091,0.326737924677179,0.0619844005641236,-0.389853149986216,0.341632304017557,0.014204664457147
-0.282590343187959,1.63175983709859,1.92753956906382,-0.377616975131423,1.8999418341816,0.43870273274618,0.5,-1.04679022116419,0.113267670266614,0.150655870298534,-0.442577971545582,-0.283321861213021,0.357529052869082,0.247271491004573,-0.0156429755701675,-1.83523628881292,0.184762579406559,-0.413930294363118,-0.134774540236088,0.335302674413822,-0.341117461757539,-0.476895947707101
-1.95949372982275,0.835340571285065,0.797137145316732,-0.279898194382664,-0.864368663416976,-0.481352595442751,0.0694148884096581,-0.152331117442861,0.272557531489964,-0.241812065335534,0.22490989114701,-0.201692360256291,-0.156170221227834,-0.36239093085561,0.399211853812939,0.305585174293439,0.256811443036519,-0.378545727055289,0.486989444192275,-0.0587681114923613,0.423159590924001,0.41734018302226
1.43586321138123,0.216299704436643,-1.10082178689487,-0.105162550740468,-1.01592872716899,0.349639151839245,-0.5,1.32279118038794,-0.413450204235415,-0.129116342919747,0.33487114086613,-0.435091563126634,0.375519203462778,0.460906455817301,0.059466755939955,0.501232028245925,-0.426974256553192,0.100237409896337,-0.0674467679401732,-0.0861413248015475,0.402117717535482,0.0954203269386669
-1.87801360742537,-1.8937299890566,0.362289265898863,-0.347258339409022,-1.44966208740293,-0.116950367493448,0.394173107243507,0.89268528269897,0.414296619460764,0.491509494223033,-0.367937109091682,0.0529330414584815,-0.349476086383659,-0.171265406879593,0.242180359481402,0.159677213535895,0.20450657625217,0.438729287805267,0.182990981156733,-0.174312152522012,-0.278813870908049,-0.061601476670841
-1.68723820777004,0.377365718348214,-0.358863787532153,0.166128533802093,0.2964789045543,-0.326552544836425,0.449692011208227,-0.323282876971908,0.403127203020036,-0.132974857106991,-0.5,-0.0847034914646225,0.492549770537292,0.330008097312715,-0.419209774311664,0.670204521887367,0.145763427130259,-0.107318445445968,-0.185845241202267,-0.29077761312619,-0.372917744457828,-0.27403353921078
-0.625501452397499,-0.963994007896532,-0.724299827221838,0.486130535145955,-1.72538547561018,-0.5,0.0202085248000287,-0.645765422170118,-0.105400975499192,0.317871844430406,0.425575446752381,-0.339956064307333,-0.340324382186863,-0.304163753314343,-0.154451145379489,-0.418506354590288,0.0408468032167125,-0.46441256123702,-0.495017023409414,0.0338847166313979,0.257460525560774,0.452294767379371
-1.58185788171571,1.51785938847705,1.53970688984302,-0.270102961444804,1.20553058299101,0.010218451937907,0.0437553015499708,-1.69803427397488,0.431422011698581,-0.0194390796852503,0.301858107308076,-0.39819572332911,0.421213646330549,0.111651851162999,0.367593830509575,1.56594667349993,-0.175869993366026,0.236487772335141,-0.437612002146546,-0.195495514960189,0.0291639723066911,0.0759810693796873
-1.37964340138714,-1.674516003503,-1.92056413104263,0.276575538054512,-0.0235913069041702,-0.380475942840423,-0.454715707799154,-0.564092955094523,0.19192591244979,-0.487863911362932,0.211337367064341,0.236655658168752,-0.095788546578112,0.400651498262072,-0.335400167447719,-0.730664082591361,-0.31936522551004,0.429981260663198,0.5,0.253179270715614,-0.459999168639311,0.237022535513606
-0.586666283670538,0.556757483855317,-0.652220402464981,0.361061963493792,-1.6151457915967,0.469787238051138,0.257588348140486,-0.743760148605335,0.162909186873858,-0.196999473923809,0.5,-0.0120153106892085,-0.475485734323277,-0.402936396091531,0.5,1.15407841944409,0.141178042159273,0.34715216671544,-0.14775739193378,-0.0141313767186656,0.128573523260028,0.434272964863706
-1.90077906720864,1.9696878171739,1.2705123564616,0.101752569443317,0.571497084477098,-0.403704712096684,-0.467145211204992,-1.49035197145054,0.444555583090003,0.0147979979456874,-0.0754039164430276,-0.27600323557041,-0.404162206181726,-0.438591199811206,-0.451484919162617,-0.810299590073634,-0.217280386753107,0.469610730756904,-0.257844076177293,0.322182125584862,0.0410427294608181,0.303305643435843
1.20232866538787,1.88035001919976,-0.0407482096030021,-0.5,-1.15877460632382,0.136033153634064,-0.433218368827177,-1.40110006807726,-0.175237819588362,-0.352963012587623,0.285626095891567,0.392901107781694,-0.43918440157436,-0.388422131402745,-0.193100117164991,-0.879279411544226,-0.241292136023825,0.293488508087191,-0.0556468456429927,0.398909302087284,-0.453644182862724,-0.419241917229274
0.95363470766486,-1.57176148269479,1.35371629878219,-0.00143295290455581,1.13714901577912,-0.417720591264829,-0.0652010736196733,-0.269200501139025,0.474731167466318,-0.3871180593012,-0.398703606814681,0.11554350212367,-0.173875343321182,-0.0793859860613849,-0.10373449039306,-0.453238364681036,-0.5,-0.0534794025320252,0.416404578648934,-0.333103586287866,0.5,0.353419510828552
-1.78332162085948,2,-1.53886727904005,0.30985957089023,-0.313064970783583,0.488363263401313,-0.153805769011838,-1.5352520767574,0.12882958432532,-0.248274937033857,-0.391420297454387,0.0838880410307955,0.13279480732322,0.00308759512004275,-0.395848009149564,-1.4473695843315,-0.408271227577627,0.0769459462369295,-0.309320547494996,0.427817114809426,0.0739414515127294,-0.486194333988744
-1.42701693200365,1.12110576260417,1.87826499305916,-0.43563890051821,1.42242151067261,-0.366306052175616,0.161000655458925,2,-0.0656858153968419,-0.416709496331519,-0.215614355662612,-0.422122215720297,0.368427228449358,-0.484945304961083,-0.5,1.74541866640647,-0.38218169178643,-0.339944533298785,-0.473782033252111,0.200572868232751,-0.470899087071351,0.292109745218009
1.26866951511102,0.737041204968589,0.480086240754131,-0.17734965969133,1.007482718007,-0.286340422490344,-0.0230705059554017,1.60366727045607,0.482355356558735,0.0473539428931068,0.323377666207882,-0.375970472677853,0.393150282971579,0.421228127236151,0.0415561974970668,-1.76054476242101,-0.103641203635875,0.414154005827796,0.323726601638753,0.344355464609188,-0.382635416088958,-0.118090493502523
1.83167257131206,-1.53239396570088,-0.95938377944104,0.39783857251019,-0.158052533237746,0.467719740479853,-0.0173442183002409,1.21428937826567,0.351428305088683,0.280320773876987,0.495705135684741,0.152013588776267,0.0174911499041519,0.122572128737924,-0.434906808562078,1.89805768408004,-0.00360201184884573,-0.467894529544999,0.340140064172225,-0.404573671896002,0.324999413848412,-0.40116177422817
2,1.6060683900107,-0.793078801587014,0.263934112071415,1.02773375123007,-0.306241170111123,0.190414628072917,1.22306008869551,0.210758042260526,0.161853101844349,0.245153577619599,-0.387826848678042,-0.495411318341349,0.140098553180807,0.352809882892245,1.7914276959861,0.37716559152414,0.0282579349377841,0.107176653719763,-0.108809604913983,-0.391452545445494,0.423339431226076
0.129584124457838,1.783913753787,1.84904459231998,-0.238121129384562,-1.34234291106271,0.394178711758742,-0.461291001379012,1.78539207448374,-0.165179284422665,0.400872594929009,-0.432353659296418,0.126091677336678,0.242941251556096,-0.315552589251646,-0.235730620669917,-0.134174734350921,0.360831426702463,0.0440587506403246,0.477946900734848,-0.234056801312706,-0.416282980821411,0.393450304423363
-1.74528271691082,0.531577830959529,-1.71395301276595,0.472075746722423,2,0.360100345939765,0.309531362161204,-1.36233769847913,0.463122257072051,0.30876887575123,-0.333776114698189,-0.484671686561662,-0.458323481591139,-0.252205454058512,-0.243232299158813,-0.631207350050647,-0.264381875680562,0.255820366644673,0.464052284533219,-0.430706979308692,0.0502719527167669,-0.0114394757735176
1.94616342888471,1.1880657629564,-0.400514677773521,-0.461397076403665,-1.62667304892942,0.172132569388417,-0.275257743882792,-0.676874813802312,-0.220221603116758,-0.222059063552148,-0.375296993296977,0.173695094273023,-0.256428974191737,-0.459595602787378,0.149647466349538,1.65015318388604,-0.194952492438489,-0.39035002889413,0.000470265071650378,-0.253287193342211,0.145981803337517,0.467938053961828
-2,0.138481748730852,-0.549623282913208,0.227388900536623,1.31808622681273,-0.44888061076122,-0.206199240717659,1.569127644561,-0.0385264556645876,0.0331592108566535,0.0873157657990664,0.450760966451011,0.00273304932196594,0.314589992794065,0.196904881027458,1.03462272721309,0.299623054181531,-0.237226576408954,-0.426393799349966,-0.482476657566228,0.299830373457316,0.490689124243873
-1.06193936121723,-0.915125915210846,1.46166737489591,0.0759090364367,0.156559474722973,0.11947669304872,-0.382049386811097,0.71865463446121,-0.353377739271354,-0.384415499787845,0.403153860581437,0.221707899829655,0.5,-0.471798422425741,0.433045020250314,0.75832347543929,-0.306228772695497,-0.356120708441255,-0.222175543253746,-0.373819218348582,-0.105624921655379,-0.197820003343217
-1.35633582803844,1.73383695138546,-1.27173093642174,0.419106485328891,-1.2962724544838,-0.061190750142062,-0.201776326911398,1.13336769900867,-0.0906818935865407,-0.313926454648327,-0.309257690640656,0.264266203719243,-0.46140558097027,-0.324740476287345,0.461757880906772,1.20414674914803,0.241464108691904,-0.0420159278120135,-0.125075138984073,0.448365768630807,0.484440416101639,-0.459783019853165
-1.16334508484489,-0.747699711509179,-2,0.437668045734617,1.78043251508362,0.163348882644741,0.356225018872738,0.213460292264435,-0.448983454627161,0.343028028742726,-0.180737195087467,0.473646493846463,-0.481385524889216,0.178154996788802,-0.212529628583759,1.66282421676195,-0.376295595436831,0.197662520312968,-0.239059125720016,-0.0436202157766105,-0.428367843109086,0.19106516552138
1.77712526550693,-2,1.79640449184703,-0.373027803389414,-0.527454270723744,0.436778149335129,0.477083451738514,-0.091418079375962,0.261596479470634,-0.431366272246939,-0.067329866519009,0.0722107807122184,-0.27778784678026,0.170773227000401,-0.285128396890595,-1.09984275334957,-0.209122674900973,0.0921180262554369,0.0503639229960227,0.426430365275632,-0.39964929357093,0.0498737320716919
0.880671809324582,-0.727405660679975,-0.214471105082719,-0.46589025354723,-0.256060938409189,0.380862411683618,0.380826524778188,1.86465868668749,-0.460428912993933,-0.120772586723123,-0.34524977766326,-0.121118491549538,0.188523696325127,-0.300498645540163,-0.379210790784068,1.39696019972203,0.0463185072378691,-0.369016354153872,0.396758996007477,0.385804641075694,0.371147511858427,-0.291027411053357
-0.923414761226002,1.44053584457689,-0.866123053811936,-0.226059254189583,1.80175223109012,-0.363774581562367,-0.172495092611952,-1.23775434743749,-0.127887513379129,0.433473859672607,-0.165989960416036,0.381572904283741,-0.423626537233969,0.0886958082057943,-0.263507203058269,0.468744446412598,0.337618100866543,-0.404947162858249,0.407423357502992,0.294716296644382,-0.427549254673004,-0.238759157595111
-1.83163187664555,0.175992929018932,-1.83541348671001,-0.286552380201288,0.205905297598103,-0.072169975089795,0.140823074560063,-1.72842957339076,0.49388030196455,0.139193121221158,0.467355959584142,0.335912871643095,-0.19231787910064,0.239703444722359,0.379837041326221,1.30955730329181,-0.482732735214031,-0.335011120381355,0.130596257838342,-0.347737656429049,0.125146416956574,-0.375169597555103
-1.20120898196958,-1.83941093712207,-0.620150148660921,0.346133176733578,0.44254820271414,0.202655571107952,0.425509329006061,-0.373633164805562,-0.30411281063034,-0.448128238809861,0.154791416289773,0.440575679383975,0.443574159954057,0.0103063725995155,0.437960191819076,-0.265584926268732,0.470373844406546,0.338600779730184,0.419659886497317,0.35803110578923,0.153249477475255,-0.325892434095492
1.68460423305564,-1.39030008778012,0.915172574525146,-0.161429189604263,-1.54700009638267,-0.464705501910091,-0.233545668721704,-1.93123159686159,0.143477551258455,0.462051025285688,-0.271754885757153,0.5,-0.0524731878259624,-0.224755652206948,-0.346481642065239,-0.599385896135562,-0.355049450731369,0.458882524031784,-0.4106310625069,0.310504020421679,0.174643057455206,0.125638006277377
1.64522771239524,-0.120425103171073,-1.92929532254496,0.384738780967524,-0.825204243441294,0.257014500866953,-0.419716365838196,-1.33057882095951,0.235849791284323,0.353854959606348,-0.324966039526436,0.250819407908385,0.47334095137581,-0.0448678046147648,-0.123401870188452,-0.761937075252501,0.43555215245563,0.204189561090544,0.337740695161577,-0.394881177517282,0.0789314522894937,0.179345299779757
0.21584523008202,-0.32999085794238,1.39409433290102,-0.43107735007897,1.29059612041213,-0.351268253226604,-0.349587687525656,0.587194853525652,-0.373772682339293,0.216954602784102,-0.42080795133331,-0.466416961944179,-0.244649759438843,-0.285041670421202,0.294869891000659,-0.548782740757734,0.131335116080995,0.358756087904257,0.298573997776584,0.5,0.353614244455355,0.364302619508824
1.59531016781611,-1.72029079397013,-1.46681882356289,0.426536671964347,-1.6764873644445,-0.489655586895322,0.495891709576087,0.621634741947764,-0.372020142144963,-0.0818820645156035,-0.406367447334576,-0.425880663280766,0.25437095155435,0.493326984840246,0.028017603223263,-0.00955380581185117,0.387892392628935,-0.181893011032942,-0.307311956165674,-0.418472963349219,-0.128603933522692,0.205094358211418
1.09072875856841,-1.79186959111937,-0.709022907552502,0.5,0.101992884684415,-0.314547459393612,0.234725063256882,-1.87350243406381,-0.39625847444612,-0.462053691066023,-0.160330871746313,-0.106043531074968,-0.129922293610783,-0.426376747800302,-0.426775636521176,1.49818681038232,-0.468172751259202,0.409460221674028,0.451197878044466,-0.356301449812463,-0.358522794484264,-0.254280589296105
-1.49410910900077,1.46241999840536,1.48544641925896,-0.300789357174067,1.38336057469273,-0.0416507391745919,-0.40963247273761,1.00646580831841,-0.430499871881866,-0.151336809605495,0.00342790463417852,0.407023103734307,-0.026112748486068,0.477568591182021,-0.324027682565776,1.83906166936835,-0.437049793022111,0.447847931880585,0.238232429025883,-0.0683410212741209,0.057215772224784,0.0419030164946852
-1.3036234324655,1.69535115380305,1.02963907827992,-0.0729648131716739,-1.97387595270227,-0.243573270377396,0.468728841250538,0.364094204552112,-0.112629661836457,0.296051350530039,0.0315611970890355,0.0345855642583811,0.458812481774431,-0.175631670807038,-0.0218771920292492,-1.58654593599186,0.158188547929389,0.311282133671238,-0.452983675859999,0.475274443349851,-0.484922251408774,-0.247868043333014
0.469833955585289,0.882330820105719,-0.996308494835039,-0.45457105190509,-0.497059490051517,-0.234540564328906,-0.492319011914185,-0.430848343055912,0.294427950641055,-0.17985080691952,0.370017034015364,0.401510614453398,0.402998099875307,-0.0875783452433205,-0.441865856315295,0.94579651133668,0.330869001948484,-0.486284738702636,-0.328329101113215,0.355382947499374,0.316164676140038,-0.5
-1.00291465361143,-1.38353030871911,0.149076598285426,0.490567947367402,1.55101320892172,0.0734329974777108,-0.405836755638538,1.83652543665877,0.362518858660794,-0.292129191453782,-0.124580488467871,0.01379302586117,-0.435621014173661,0.104851939299378,0.0180035723500854,1.69725425681497,0.456421172102579,0.311774683040617,0.155736932927505,-0.158969548675003,-0.291410368080461,-0.441941454796204
-0.380045078131476,0.845216579530399,0.418972094845274,0.34504851989664,0.659202502207764,-0.19600769804792,0.317579563452732,-0.818488818101774,-0.262981652001615,-0.35685350097484,0.441019574510537,-0.316932521657632,0.199181154871692,0.463742419911878,0.358016397322305,1.45927171844291,-0.369953164515068,-0.454880255199698,-0.0927121270707947,0.479030594609352,0.385398018802022,0.373728882547873
1.89109230254003,-0.414420317799601,-1.21876828477369,-0.0854087073760206,1.8535725833406,0.091815688830767,0.344269982481598,-0.776856442235618,0.5,0.407753652193028,-0.469352422797807,-0.307446869085729,0.275805410432956,-0.274644130952675,0.493731823573367,0.883270148388377,0.364925983198045,-0.13451890382043,0.189896170345275,0.464027317982947,0.163141959290204,-0.385326825848037
1.75163657077779,1.669699420501,1.96559504016154,0.239810552227795,0.183457641471449,0.407463183057123,-0.37185165770343,0.834995260913427,0.0697962188386232,0.411718973236019,0.21531863728517,-0.372527718034268,-0.300247122479142,0.364329413629185,0.275107088986406,-1.55750416979838,0.0935622022009296,-0.0761019456464597,-0.32322858216904,-0.300913560330877,0.0942688338895538,-0.228588989700332
-0.248796303006212,0.771453964879526,0.58466868929687,0.452590551765935,-1.29905445220716,-0.0571980335233973,0.176633592897614,1.16359173811378,0.381840407055071,0.471673923323119,0.178536341736276,0.351361392062532,-0.365322760671927,-0.374779903207444,-0.302708940801716,1.08252357193762,-0.451997777657003,-0.205724610277775,0.389230035086842,0.159918383270775,-0.309655534362219,0.472882192614169
1.9625752095608,0.300523496108047,1.71662237435439,-0.185899392443805,-0.791478945653946,-0.441109040174462,0.442324347902605,1.05620054903892,0.425356620511865,-0.283150415151008,-0.359135276541022,0.369435213790544,0.429192043800436,0.374214518041349,0.319614276110793,1.43113879044487,-0.449311910159779,-0.255633204263293,-0.022140175050493,-0.200006544016669,-0.202543635324114,-0.445052932812109
-1.72168234470728,0.243476725604457,-1.65582753497455,-0.416780737621657,0.255690378003941,0.228755830170369,0.015279604336896,0.0362866976923768,-0.276339503611299,-0.405614516195826,-0.115301960538735,-0.0290476126652975,-0.221824749460543,-0.156914633065179,-0.204592948533738,-1.85737601725148,0.268117683739013,0.184434863051506,-0.144221864206952,-0.319087963735566,-0.0554919350658749,0.219360712751883
