128.413259536361
129.568408204424
129.092894976451
129.889669005925
134.884253697583
126.927131429509
130.066876358759
128.84134052381
135.117692285218
124.644617909915
125.130293877494
127.024492897376
130.065179079756
126.108817547246
116.304083935175
126.396438556283
124.597768806788
131.755625037002
127.985300941337
120.464379896354
125.097996758725
127.414858001035
127.697757990556
123.653110267835
123.206202177751
121.258032921097
128.213504240521
126.153103863732
124.286051761509
121.307817148888
122.111985154047
120.451363747069
126.147551791802
129.126550374541
132.310195700298
121.252982119175
125.626019048256
124.832844152525
127.366669684138
126.043552910426
117.855310772756
123.541689522892
118.300114637324
125.775154715979
119.646001951105
125.690068679003
123.656283187498
128.119626937363
130.866098448338
128.816531699193
128.533797860672
116.59210613991
120.033187897184
122.280935381604
115.45210241658
126.01933243298
124.118791760074
127.453023434737
126.249303705377
125.45872027856
116.267366799548
119.974777811792
128.074692889614
126.394621546003
119.896888706849
120.298736707905
126.881612119558
120.504374614753
129.330037738184
128.986172411499
121.392775257518
118.247123598189
129.160061100403
119.146111313874
122.064036714847
127.826422176381
117.648817213353
128.620918254147
120.906103430403
120.488494504549
117.434851540873
123.138411216902
120.752267704779
126.888928914015
113.033210760334
120.402622169835
117.567406297345
131.447424171394
117.1395665781
117.685350643193
119.326905078993
130.749521341943
116.126757371549
127.254160355625
123.195586528306
119.060728276621
114.205110557878
123.204223121914
123.416541222112
124.325083454643
118.149344928576
115.853980456461
115.538791734635
120.845253880006
118.344134872203
120.76572025003
116.019023058599
124.929039642997
115.908461054088
118.5849990695
123.07698084571
118.588536700103
126.078128667753
124.227758810728
119.273489590253
124.444293353318
113.446720237571
123.869705510851
115.086577560003
127.126359199134
120.469468178944
119.61876581786
126.705492067059
114.3828478241
119.57345882422
123.815315652355
112.058988514197
123.418877901823
120.604102213495
118.371671552616
122.192807062647
117.13077360681
125.585916781742
120.106839443493
115.540288528583
113.691065882224
116.520260881591
112.498889255972
121.649571674839
113.618515353257
116.533709616224
118.810590977107
125.99615038069
119.343201074405
120.329027317306
119.269717339054
121.086760766115
118.382812548328
117.629168483812
114.852329200284
121.149873789419
120.230839562806
111.816620774363
111.744461868604
126.225673444427
117.968528291788
117.566855569176
126.705286408733
121.947986226318
122.305341746637
118.212388773284
116.038038132158
116.592831616319
118.96260937404
116.572942615208
115.120114220985
112.181577783052
126.127948140308
110.398153975119
122.940022449763
121.275446385222
118.0291071093
110.962031586382
118.40152065493
119.081856900277
113.141311925687
120.722586930901
113.641166936205
113.360245387843
124.217137953298
122.503735400129
117.621566528144
122.182069930981
120.418440199854
126.252497082902
115.955708022544
115.632887381425
115.337827014595
117.74854726906
119.367781518068
119.229885599806
112.299259050067
120.085471557505
123.197405248952
117.54131175421
115.228453055061
113.714019829671
126.148455429411
119.757255104305
114.549187076384
113.169068163893
116.477712121854
121.937691810309
121.418343918899
121.042006608603
117.279743863381
122.106806588732
116.712674994338
111.089972443918
114.413611826953
108.734080648575
115.204342883748
122.354309213173
114.973532876738
115.625718649506
119.280983971447
114.422968708949
107.207840083581
116.402114362348
118.56486652671
117.828136737074
108.47173861668
109.573749009008
117.809689088085
115.155639015112
116.994695474011
119.355372059175
120.943912462191
111.702091483583
116.405864391823
114.303867854262
114.833710433512
116.640877539735
114.234054505303
117.562136632529
109.556900984016
115.653008282348
120.505061647983
108.362067416718
115.223374283073
120.994116281532
112.918574052264
113.284295822317
114.833669006503
109.74704644337
119.494810933775
120.593023636542
111.929515512608
114.956060642463
115.351841333938
113.469250075165
110.655006136698
117.916401959617
121.822386943664
109.975515229834
117.909483034964
108.369413708064
126.068939032059
114.362251165911
108.1462612919
118.803696985892
118.228488096413
117.492338293983
114.050778682736
122.215216811848
119.319069675011
114.829741856216
114.774057365359
116.827658141433
104.473209175853
119.407490225115
116.740888372354
120.830187337497
117.602258357157
118.623133157796
107.920223167112
108.444862679786
116.65225718123
116.426367881737
119.310912141435
107.606286524401
114.577772082791
118.240457976608
115.934368114353
112.952579631327
114.294469314131
122.586991155104
115.456793102419
117.446799553949
120.350831598148
109.546383746076
116.793031359492
114.151885697654
111.203891328006
120.389697166423
111.452602239634
115.90955507766
113.30032758888
112.034182184503
106.70212008031
119.11228131414
113.059942667748
107.826767806461
111.436171214301
106.44732782656
113.714746757927
115.021307568955
112.67394134839
120.343217203752
114.616868469046
111.885703742497
115.459942971758
110.569839397165
118.782271182651
113.648490783597
117.241785766313
116.047621490712
107.322998101896
120.58566722219
109.236372437712
116.776101567994
106.876482274412
122.058024305349
116.587259493156
120.210969742539
106.323981895994
117.073463124412
115.390826060752
118.146576885389
114.07324988437
112.790481946062
113.50006863869
115.632920881335
119.986049426228
114.58701871356
115.261963825909
117.354722663221
105.707386790926
113.956843404754
112.548148146743
114.468543745311
119.856816227753
106.369131225029
121.67853099124
111.345019781231
117.296311261027
110.130660348305
112.106480595126
120.029206883399
112.957111119471
112.262047862564
110.91291706494
113.805537601223
110.569386063408
113.321225667662
104.456325324919
110.237202909641
115.65629841228
109.706414230626
110.253651104233
110.061739092839
113.887808002093
112.528036582886
111.658168120579
110.516046334922
113.205726396706
117.740677667075
114.504495535412
110.071659737295
108.290146074477
111.12672329568
108.301993332806
112.419220929978
115.580936576367
111.453011473923
114.965716491205
116.363599673573
114.740467847224
116.171470506219
118.848285637757
116.062902945351
118.394277519953
111.04035600678
112.407247550461
106.77042043794
112.133420649132
115.705694519959
105.697196735828
114.895136447967
105.023147180075
112.539716601796
110.643632670313
108.97904848696
107.856771745278
112.35570786392
113.343181292727
123.432029184255
118.022061139249
105.601640183607
108.854634184251
117.429646751902
115.6598004065
113.644995591126
116.639776899126
110.229064833859
115.664507023916
112.089781214555
114.721593037242
115.60109897611
105.228779654767
117.418097173831
111.521953780134
106.651950391772
116.56070105817
109.565134205147
115.826126236434
107.343132618174
106.360322291716
112.542962892329
112.707920937049
110.133952126603
116.738385096906
110.955841900284
115.024998373138
111.198645105765
110.504623682682
119.424722814016
115.884960634416
108.049844441318
119.72523005221
112.329952402977
106.174726959862
113.352118424552
116.178253474447
111.201786305064
113.362927083309
107.119705570926
112.217867072623
118.302978803335
116.012587233719
109.276144793134
113.267657135748
113.216871604759
114.654062377045
110.667682187747
107.035963286206
116.431311923138
113.722266307739
115.114815599912
121.37854812503
116.338520374999
115.710086099334
114.708273384806
116.081185333038
113.36960868035
119.485845753498
113.826750881614
122.851858672167
110.930411358013
109.350070646215
115.807762720394
117.501444098029
123.130732199605
110.692244816528
118.352829090812
112.037956258913
114.631242872858
113.664364437756
114.388811972837
107.508820850147
119.341421862694
114.658152777341
113.967413390423
109.572120989984
119.912425446899
122.438798581562
112.832603978961
112.312915264131
115.338154716675
110.070521815538
114.25890261334
114.481479642776
112.733244742172
121.284576131839
108.339057725552
111.982277679221
116.531685051104
111.345230037463
111.561865799316
116.787109274719
110.247332272474
115.952064472685
114.620612304427
106.934594079684
114.239875707533
115.627025934542
106.356072108544
113.686100322449
120.257069652674
128.656298161105
