124.804453025814
130.670513121939
139.556113743361
124.275303422296
119.956934253816
128.701389233299
129.279545010061
124.594596116494
120.433762098872
124.441940191993
127.3202888576
128.066675241699
135.313373605599
134.511548031503
130.426270345734
120.111296006078
134.096714381519
137.889194642877
129.861760325671
121.472223610934
118.662222934528
130.758311819809
123.484361884205
125.962717458079
128.381692677221
125.266476945699
122.738480671347
120.432477080056
126.81434726621
127.96558695117
126.553011448243
132.795108378946
128.920303089766
131.425904482155
123.928863232719
140.399128454719
128.645592337545
134.568742422515
124.553905937588
126.126191151546
131.868300454285
136.969641745453
125.428478601572
130.420032221284
122.140138453338
129.357908091221
129.711259241182
126.352177114542
129.601282568013
130.150592638131
121.830246976298
117.608368767063
128.849024500343
125.617481540505
134.552836075892
128.249265324757
132.398035538232
128.49790716312
119.912241038623
128.470330734842
140.205013797279
122.340776251609
121.257397494093
128.771812433595
137.260265695678
136.63859296931
129.693614721467
134.976655344931
127.110025944732
132.208086900768
126.246655771665
128.871356911215
130.207945190406
129.066153054759
120.233541327905
117.403193944856
134.433560085412
127.579644351884
121.23611127647
144.407785775509
125.654353882368
122.59943365467
137.421706211021
116.487935818957
112.585435125413
128.572346467826
139.054743203405
118.391723054327
134.346874639509
136.844035918647
129.500098784003
124.793544385767
126.377830332345
126.465663869323
137.411288950277
131.501164635151
134.203332575378
134.243818620511
136.747639429368
131.015254886898
134.465218426354
126.280852548907
117.062468397159
132.833765413536
117.130557509482
131.730623103664
123.129496289226
120.915407222677
116.370625265008
123.949340516296
136.44300062921
129.363423280165
121.725108733663
123.475333045887
118.006328777031
121.16966973949
130.090011731774
129.652460924257
117.117040788266
115.061190456292
125.106998357767
128.083128487662
120.683002048779
129.691614452956
119.463484356812
134.669303235335
139.138086272964
127.470261310896
136.686636916224
118.542839141467
128.911037324943
117.210429988103
129.737826389314
121.387231963848
106.898039536086
127.843587900595
118.601127063034
128.795802819955
130.097362974342
125.533602228117
127.737583348369
122.356137023169
132.549500306318
117.717242562468
127.160031004488
125.190647460599
120.497963867993
129.594989304775
131.245694168396
127.868738307481
125.191899011882
127.44544261478
130.468045017323
130.155961492997
129.001766576046
124.628848803136
130.235115674447
130.316366094518
130.62104475688
126.932616892453
124.459779708695
125.58710987093
126.728259454248
120.427472761106
133.668590193135
137.007613027458
129.599009341116
129.829578245763
128.492947362022
127.830441988422
147.249495547497
131.6122475914
124.433371605296
130.83318422421
136.798222670481
124.88370248824
126.546703069063
113.609422528453
125.524786429038
117.279153349314
117.334581669252
132.785001183094
130.216598330345
128.02894427136
117.531418385435
131.502067073545
114.827851508028
130.530946017824
117.897660613226
131.392849237648
119.341395042727
120.624566035596
124.547047554462
128.016873519058
125.859636067938
117.59397830608
131.558940665201
138.22824423969
151.370764366833
122.630293593076
126.434667827406
141.921698083707
147.477091453985
128.593427659128
140.098618391519
127.643155315714
126.822578258292
132.86735991457
126.81015904536
117.307788656948
122.193383142228
150.64905233546
125.638978042249
140.029846411161
125.03708893234
139.225263944034
126.487052130145
86.2447898438152
139.371192398874
99.6174645177374
137.433449679946
133.924901459686
119.741856102066
127.647494839085
112.814482723705
131.930617820814
113.999310546797
114.882994395287
121.859819308552
126.020585828105
123.301838549936
128.679729291152
118.843748975777
112.587434078822
124.741148919018
130.261836137495
115.256165127698
113.323501278577
136.180837970398
113.008536831222
130.20885071222
117.126709133413
115.138707048242
127.205355651689
125.393234318544
115.436055879921
142.947319073959
132.841915089934
129.762404724201
135.950482312716
120.832144587919
95.2547702262784
148.573062100038
126.007423932528
121.177734177148
128.1945312143
132.352457419638
135.143153467716
134.265734462416
127.429389806044
136.949371954046
137.988799576144
117.821530700596
127.310066460533
118.876597840479
117.198846559883
137.872767543152
109.407544843176
135.1610374883
130.560250744407
139.12084056411
128.278085924669
146.501749680687
137.217531573063
124.766977152512
117.343697411576
121.971947159797
140.681880996719
130.49399725848
143.665479190483
111.160736304822
126.990383592286
102.06523493027
128.025064140947
141.176715783529
118.760288736721
126.193603711482
117.405246526283
127.056041100685
142.210471803868
130.042620153866
138.733591141403
125.950286268982
103.731185746962
135.18041847966
122.49361934543
122.954190579688
117.620546923557
134.817511399308
127.058894140472
125.616478012361
129.457925064887
126.480117258026
141.309948279173
125.691704846042
130.008890077572
108.014796231868
111.815239972633
124.806421968724
112.165918185942
128.110170821049
118.256565336603
130.978445817108
129.490367098789
120.828131161123
133.610174088943
126.599490633446
135.62574627936
126.244130552529
125.7675602815
118.416614778828
145.89135497613
116.928365613317
117.078586206256
135.515362508857
123.295849469493
130.061177648077
126.860010077878
114.417367693354
119.514271652561
127.28878351608
124.47498774277
105.670369303635
134.138717507716
136.621583988376
135.450669605051
141.162151795036
120.13868914434
132.011705357335
122.215512763767
129.803017353898
131.658481528134
141.821980501255
131.878016371078
127.103388275447
128.663877958077
125.907005692976
119.837639217209
126.563590907231
111.872463019505
120.002664803666
132.807939311749
128.112232511878
139.275960969231
116.8666842563
127.576143510114
128.238825987487
149.194541767749
126.535267703625
129.475929765996
117.22591967389
143.332647340905
140.718974467013
129.053372968996
124.759200045303
114.135636325672
137.580087072017
138.625686098174
127.310653925015
131.719813025255
101.754751953303
114.609059345693
119.445902723584
120.19861187019
105.637708467652
125.03002228476
143.21392823309
142.908642429232
138.77822041531
118.312407528992
118.446406438334
122.747612966274
137.663879967732
149.078542598234
129.595227708843
128.911165997081
134.827139141852
129.570651788649
140.005466599437
126.775525952479
116.435155651446
124.5579885651
120.118485977153
150.659397519775
130.481578065202
138.754462638496
116.298181248419
112.669723717805
127.330916539058
132.90917400813
121.438491085526
133.477465227575
128.055195866725
113.749540299907
131.82108077342
112.927781512808
147.966706190887
127.135423909191
128.694134880311
129.326849817452
124.162904329592
130.84280680769
127.740076485099
132.834580870013
115.848181180494
120.412773132965
116.606831227523
112.061973446628
114.598148760559
122.187466477086
152.001388433067
124.855692262542
129.083450764951
129.628827937508
127.362792679423
149.742294107794
116.028809364629
119.114658999415
119.419482412517
114.886176787652
127.725649429847
100.44831501659
128.262399871349
132.794431116131
125.633951226943
118.080773753731
99.2569773871959
126.805065645588
131.521128491274
125.636010782111
114.999502010035
125.812274586632
124.879406847868
129.129587725035
134.059767207893
119.69706968575
128.332388057806
125.954333573268
144.694764515187
146.048390374321
150.010565374401
149.915792557392
124.915382196338
113.07008584372
124.541875633926
146.230894280231
127.306280074971
129.01651770713
130.440207052418
119.330010475397
122.19368091353
116.833203542614
118.776396807727
128.764562527027
109.139098921686
127.543312463738
120.699876502521
130.672119626435
132.332931157854
121.787952726049
113.924574397117
125.907385034626
126.398385377942
115.011187779582
115.97677248632
126.478033823969
129.97103486738
133.553723436554
138.927791975498
92.3670122353124
127.586211964737
118.034431539557
133.654504550688
118.244564145734
128.158806860453
146.160807801546
107.183126979743
134.752249653248
125.289747044118
134.295073835758
132.863052758507
124.28344167521
100.481649895046
115.12137636357
132.998042536464
129.428331218489
113.434350391751
118.410336311865
141.17908294544
129.678423688407
