124.827177730017
130.691948139448
139.559168744124
124.318466469254
119.966991374359
128.712389637417
129.276797376667
124.648836998021
120.455680844573
124.448700560215
127.331226465487
128.07325189253
135.331314269042
134.530706757006
130.448947110768
120.152362298417
134.111137095685
137.889772377415
129.916180209281
121.47496655821
118.69427843778
130.803829965985
123.513445428913
126.124601868088
128.418637854444
125.273929905247
122.729969963883
120.490647500586
126.844931219781
128.01141087907
126.611101921832
132.821123041007
128.962380859466
131.445211794722
123.976840302984
140.425054839091
128.647310967164
134.597426020719
124.587805875084
126.131233871711
131.876593031642
137.032528421434
125.460869033684
130.457880088323
122.141547935451
129.425271485778
129.782297387266
126.374600403685
129.607228084213
130.16560966026
121.849831729438
117.637691953415
128.865178464511
125.632954166422
134.599586740604
128.288224200877
132.402806910536
128.503692609845
119.966584007425
128.531552505278
140.225143553844
122.365392399088
121.283901594824
128.831486991901
137.313941138223
136.665947667075
129.715035089959
134.990555003066
127.243021313724
132.232814576123
126.279089302168
128.909136347729
130.230725016677
129.122942436239
120.320665938247
117.418008703971
134.466853637973
127.602758039452
121.273564059963
144.45388195146
125.68667480128
122.690932419156
137.461440911134
116.503353811902
112.611315878847
128.619754051497
139.065102683156
118.476676844722
134.356355360145
136.886237590036
129.525274597154
124.820952949043
126.440383443654
126.477825494728
137.455401207505
131.521292401609
134.294058433535
134.26620518016
136.852806881483
131.026870750168
134.553793897649
126.287255597266
117.121067544899
132.866787315422
117.174276765657
131.780505416093
123.148988775384
120.928757836315
116.399673380075
123.985608693449
136.444958835509
129.400768607554
121.743422134375
123.506423328519
118.033007299141
121.180758280175
130.116794965724
129.696300736047
117.150783798718
115.089740074253
125.166896925528
128.114676570194
120.684589815294
129.711392162704
119.471102722701
134.718926341385
139.245045871594
127.485829308348
136.734712841573
118.579776841602
128.936854224978
117.294835038387
129.785010682603
121.437860871445
106.995431239291
127.891414913738
118.603953990852
128.82605438808
130.130601535805
125.554222969223
127.778246251024
122.380790882933
132.583174737572
117.729568615121
127.148088121482
125.228293573135
120.512705371673
129.635045839098
131.291558550299
127.881318582375
125.24775961557
127.45010805799
130.466297633869
130.219863546411
129.016204262833
124.664658331892
130.25221681377
130.353570672179
130.738442325678
126.934162719809
124.468130092394
125.599629476636
126.776040977164
120.470464703929
133.706505668286
137.018754279575
129.610536030777
129.858819328763
128.516335010457
127.879116764609
147.281945594195
131.625226203496
124.442546945695
130.868625878123
136.844650461557
124.904182306841
126.549613241828
113.640070137697
125.598283386076
117.353658783817
117.353328585744
132.861897459253
130.228805355076
128.049643719359
117.550015458991
131.536943513782
114.879872790604
130.602983647657
117.928002533295
131.424119801849
119.453393737071
120.661834922221
124.560322826812
128.054468851002
125.899643511815
117.620883393786
131.578646882753
138.281547228556
151.402039813015
122.707690304935
126.460505515934
142.018586304631
147.521928313322
128.634249792366
140.22572027586
127.67260027743
126.890876145783
132.909288409982
126.83537057238
117.323483793734
122.209498935192
150.734798648326
125.665865344653
140.038098415364
125.039442394588
139.230053166533
126.513218116129
86.2662333996423
139.388467998498
99.6621753679289
137.442007292444
133.952250858198
119.780710089707
127.673906811494
112.831949178646
131.957937022768
114.054428191516
114.911627268285
121.890158377917
126.043321778013
123.329343996004
128.690756802449
118.875372983589
112.61056767204
124.756288008085
130.34073244449
115.306812387625
113.387396746597
136.204865324491
113.155783597805
130.268892546673
117.155580130659
115.152465470304
127.244518109588
125.394249304733
115.471966009143
142.989746986899
132.841915089934
129.765226578211
135.998997793407
120.846380417475
95.2751251065643
148.590230629328
126.04210682532
121.198852874992
128.223132830358
132.41194089475
135.172595889679
134.286654938711
127.467717268277
136.970817752406
138.036511358577
117.844780464585
127.338047266373
118.872572667749
117.260224394476
137.90549533462
109.430731266583
135.164129623843
130.556323903944
139.125133699063
128.308374138323
146.586238037445
137.336478366133
124.800274692596
117.382499440573
121.990384186419
140.760006670867
130.517978271025
143.709705143535
111.169035534567
127.006337483857
102.078049422962
128.031240816665
141.193235826327
118.774319472941
126.326805606787
117.408893560607
127.091521134529
142.257887773381
130.096575323782
138.821336990708
125.954244210438
103.747938246147
135.205737993177
122.519807166499
122.962814250319
117.622728934615
134.866563670785
127.099323661002
125.639856654438
129.497965790858
126.486620077452
141.365934895604
125.693840285841
130.043704299615
108.08308773147
111.876745497249
124.840168791447
112.20698305382
128.142721749954
118.291021954198
130.978445817108
129.496105095638
120.864927736675
133.630750810422
126.627018865162
135.641620184031
126.28327641864
125.783419741079
118.445124888803
145.941489659296
116.937738577586
117.103705457411
135.572219768705
123.443727289021
130.094045069492
126.914436687816
114.417367693354
119.525263507774
127.310312718988
124.494681594431
105.695699910093
134.20835688667
136.70348403179
135.469298586829
141.183417715361
120.170633308329
132.049188205803
122.220514280891
129.816682959129
131.68664374571
141.899527814156
131.953161215592
127.128140988094
128.671817247792
125.935935656362
119.870873930937
126.591902634548
111.880412509775
120.002664803667
132.847181803482
128.122637699447
139.327127761897
116.960036680254
127.576143510114
128.265003544351
149.235947867002
126.613268351437
129.478262738337
117.301265850122
143.380317372745
140.72899259235
129.065271619478
124.791495023696
114.157140694174
137.602749445263
138.627905593129
127.331550636095
131.745723878869
101.779787893833
114.621613353138
119.458051614105
120.214729390496
105.641236270056
125.050523294545
143.232205119656
142.990022526877
138.863896556431
118.328450867173
118.475368477061
122.783390142594
137.718741265282
149.117561440938
129.594024411444
128.940420266599
134.830452870132
129.58416907181
140.065878383682
126.78850295726
116.455788144801
124.637518091182
120.126970633436
150.689419641832
130.521059513538
138.771213560043
116.377366383104
112.695762605446
127.356480466145
132.941109456896
121.45095001009
133.586629869377
128.088056710257
113.771970725845
131.840147332037
112.928815183134
148.054657039399
127.136717392812
128.730829991301
129.331850043118
124.188435310603
130.858393766237
127.741240909226
132.901876024673
115.860604219763
120.438827048984
116.622103283173
112.076430882337
114.615551206979
122.194423726309
152.021818461736
124.878251121085
129.152329984763
129.640625310307
127.392499890577
149.799410234104
116.057086976004
119.125546114668
119.426241607726
114.927114414487
127.755376407594
100.460592927908
128.27435165401
132.794431116131
125.693410282052
118.175758619351
99.3040569124414
126.815747670859
131.582220224568
125.671372503468
115.022576395377
125.83210629811
124.879406847869
129.169484934556
134.059767207893
119.708154518254
128.355241082302
125.983541650756
144.701696523002
146.100616477851
150.022985824685
149.950496358807
124.928568885743
113.115560788098
124.607136717811
146.248637450346
127.37208966496
129.033021166716
130.439365667803
119.341046206793
122.19368091353
116.871405823674
118.801766711144
128.76249841671
109.251214049547
127.545841681
120.706081107471
130.672119626436
132.336135834276
121.82565575599
113.936930753245
125.915592955653
126.398385377942
115.017609456314
115.979938634909
126.493741644035
130.000072409492
133.749155949022
138.998898095179
92.3784410362278
127.614481760288
118.06239843586
133.67639502926
118.256425403617
128.196637596733
146.171157076368
107.208790723401
134.837657985841
125.367193738024
134.292153536008
132.94887822711
124.298972622217
100.492517099722
115.136912803599
133.038276425795
129.462525496221
113.48282988912
118.434197901144
141.192602630052
129.704369079272
