3.39690900379297,4.2866001972007,0.0442679497437676,2.67644722401979,0.0647048134435696,-0.166338185556657,0.154068103400617,0.135164050408747,-0.018122372976117,0.0946988288440059,0.556503882381436,0.0716392034562844,0.227464516461083,-0.0636717777081663,0.0917848399425866,-0.762591901834721,-0.0741041252021256,-0.0382215262080149,-0.204892176684311,-0.0369374619759259,0.149669605726637
3.48369744334598,3.75510110747755,0.0184573071874005,2.94505736489634,-0.0975658360612669,0.145547852638014,0.18032161643662,-0.0157076375659106,-0.0258351705419647,0.0657139865890081,0.300530577080954,0.104687055428762,-0.170463041390144,-0.0365238199066853,0.169329753005399,0.395689054145629,-0.0600502981051687,0.0153274584872433,-0.0737901860193451,0.0665580564165146,-0.193347253109516
4.52082289349716,3.50898701733044,-0.100368928538041,2.3817327105739,0.183507677349503,0.0478561089914356,-0.00615663836759095,0.103336615137225,0.120222723449158,0.0256614715944746,-0.0130843820912732,-0.169374411149382,0.0200335424323084,0.118566246325266,0.105982239504146,0.550056963805248,-0.105727668142144,-0.0480352222700784,0.0969789916352238,0.0537736181155813,-0.18679505497886
4.53631546647637,2.9884949016781,-0.246472545671542,2.06459640625876,-0.0471086029156448,-0.196848680231692,0.0877005639887207,-0.0500472606996315,0.0508512039410762,-0.188529211932208,-0.324927387284327,0.0324788012213105,-0.260906374408673,0.000175456719674449,0.210750085792815,0.366434854811048,-0.0444854581240023,0.187198015394011,-0.00639698510150383,-0.215520523388761,0.0945966089581879
3.08639620924282,3.32930483682218,0.0693810695160978,3.51208183852118,0.0195028360639902,-0.0139995198009118,-0.488753544781668,-0.193970802230976,0.247021305329136,0.110343941676578,0.660626786530017,-0.142623938294706,0.12883840090542,0.0900975892392513,-0.130924248742444,-0.466583301122472,-0.170904209887827,0.0215374995916466,0.0583742787558096,0.153543548447202,0.140294853912104
2.67965042390577,2.25586507543727,-0.0145086579420853,4.28733903180768,0.219906788842481,0.157949969943289,-0.325558472659003,0.171277756745769,0.0837415473151231,-0.102224351562105,0.133616314639016,-0.0127064433734309,0.07467182049412,0.0563237941710595,-0.0266452789897944,0.666227384216977,-0.162629503996676,0.0790111323819182,0.109851036907116,0.00344002571014212,0.0494613453043119
1.23759347213325,2.05521055882539,-0.119477540058623,2.51760317454511,-0.160868057747639,0.228562212282585,-0.367573198574464,0.179591595313302,0.176905033047405,0.17134668460124,-0.418693904114977,0.191889565788093,-0.193048672320957,0.0688863509594147,-0.114280659330805,-0.630993759746779,-3.62271007555703e-05,-0.024789557774779,0.140840785748643,0.00822332135536086,0.0626511514310106
2.19721931166978,2.84307087062868,0.0844599516188801,3.54892770925689,0.0718971894112576,0.12954014966296,0.537905463629205,0.110096228823204,0.186267202083907,-0.186649262088875,0.755180727079952,0.135444327883395,0.0771369343194068,-0.271130997427497,-0.240500010141516,0.427537407266573,-0.155968117726748,-0.0701519190894626,0.00964001260370134,-0.0975051642243974,-0.173876511752807
4.36751556400039,3.59694963545451,-0.167069322623451,3.28012783342557,0.0915495157823329,-0.253613044577288,-0.333093103693599,0.132652569546868,-0.166331952007547,-0.0604872797487171,-0.0719408294674385,-0.0531335572957077,0.138905058753646,-0.105853811377625,0.129023062962646,0.083670500263533,-0.220866294200096,0.00754544714063965,-0.105063627364361,-0.164264061721364,-0.207768973903394
2.45150457576598,2.95397832401307,-0.10759459754774,1.47701931024758,0.0117632041711132,0.178201687908704,0.0596933959059094,0.0558584726209848,-0.0374521598696061,0.104019068919943,0.210977594045598,0.0193323637595171,-0.0978765095157795,-0.0931789471450374,-0.0217528696877194,0.497000548483807,0.115684381572129,0.180584877246647,-0.0546296369714266,0.0595635000858903,0.199686209490771
4.1881067681933,2.61425083383823,0.166671965182421,3.63232306422754,-0.277413762368502,-0.140536602661272,0.10414455557379,-0.0625033983413916,-0.177817499451145,0.0832642627377195,0.468161698244288,0.150867279234153,0.0858342829966001,0.0807367255107734,-0.0483610286322863,-0.553056190659913,0.241659043558232,0.24128687273648,-0.274495664835213,-0.108022610103067,-0.00371585783726769
4.03984190786941,4.35342255875226,-0.194807118290266,3.12732596329667,-0.0668011360628327,0.0127165036994869,-0.40579749580286,-0.105841247477847,0.150369209527589,-0.15104010299036,0.414282095768846,0.119125569268409,-0.180840169949516,-0.222465176200744,0.225844634001726,0.586201395590225,-0.037010004787119,-0.181344544424845,-0.0263523770189135,0.0398872121578555,-0.0394776984370251
4.09826944479572,3.68892324268831,-0.146887123031494,4.93176867971784,0.178003247415646,0.0605155622780562,0.911281608476376,-0.139924279622215,-0.191630331596016,0.0594166294872964,-0.271046742832691,0.0737718763203966,-0.245432506678742,0.245529399096785,0.0395168596383527,-0.250605889103892,0.10225016196099,-0.113026141378654,-0.155252960377091,-0.0676673772549562,-0.0313631293819569
1.20285539142234,1.87767710022806,0.0815223685556215,4.05642604334885,-0.0136393996609214,0.000343852488492391,-0.471664537910694,-0.0756199871998183,0.272949834014684,0.0341854020283103,-0.568540622353031,0.121556530946029,0.0986549566249364,-0.124498482509171,0.0284147284273015,0.618891331578408,0.182080792970891,-0.253898416192888,-0.0633754642436433,-0.170692301958383,0.156104142740877
2.54686662526972,4.90989132364181,0.199291994748042,4.71048932342558,-0.190297704329047,-0.0835843936657545,-0.572253205795923,0.0930325397446076,-0.223971981718694,0.207492888931054,-0.127250346276614,-0.104157245631191,-0.0113448573607284,0.0453218905084692,0.112341486744372,-0.393085565824965,0.150672861968674,-0.0962146377750808,0.203674632106467,0.129051766153863,0.109167670683763
1.13758115519163,3.36312214886536,0.155554405503482,2.58018476777452,0.0777091082231003,0.0195335186483374,-0.554890011111879,-0.187653751346887,-0.207231282941554,0.0762916709577606,-0.386671017489107,-0.0875879143250795,0.20337393483956,-0.0424674073273441,-0.184709823892998,-0.152336772078789,-0.00641332277298762,0.0919561164741449,-0.0850685510941384,-0.120262967588829,0.134371803909767
3.37202108621717,3.29040616701734,-0.179419949152413,3.42296288219144,-0.197557103808017,-0.0688951627338756,0.941160979502179,0.00204779349024925,-0.2136407656369,-0.0892514944236131,-0.0391809367734922,-0.121871877709175,0.125202048216348,-0.130915368573475,0.00251850982472368,-0.878723950379241,0.0502296993423399,-0.169830862600971,-0.0175334560294698,0.257442063370834,-0.14826650020924
0.888185988759594,2.39497713063341,0.135585808792205,1.84376866921415,0.22538196983133,-0.0967136733340287,-0.407638323274725,-0.11300700095879,0.026037065444808,-0.244604005368797,0.187387714256737,0.199747753867623,-0.10288584900623,-0.20296147332037,0.0776046710709482,-0.540279441561711,0.00870731217978565,-0.119956119771685,-0.144260102989549,0.0178593073943947,0.0149137511393693
0,2.16649454985303,-0.271514492051428,2.84353400370392,-0.121124415071919,-0.128160008923903,0.554055018416726,-0.223017285407965,-0.1238557424008,-0.0733429100399387,0.839142954211247,0.141195555506256,-0.126003227441159,-0.208709023495097,-0.192163206728241,0.118934528298966,0.169668559565383,0.0999876569209925,-0.148992779345893,0.0321194824694266,0.0873724969057831
5.4651074238194,4.19475238372186,0.0537133513015634,3.99859044386077,-0.156787699873663,0.187724949498583,-0.146000426100217,0.0244146341369972,0.0120505288565521,-0.209930616771235,-0.260398456821969,-0.167206969248406,0.112725319357079,0.203060479456291,-0.00646223713656607,0.504936875691248,-0.3,0.0805471808434549,0.19355360996935,-0.143581146256253,-0.114649642125506
4.13426209585677,3.18327479791815,-0.0829686156430533,4.63341604724658,-0.0678313317057813,-0.242992995492289,-0.749138660505892,-0.0973167194103089,-0.226111152868193,0.0914411983310084,0.803477861720802,0.0476027504173099,-0.154822748573891,-0.0879342085899122,-0.106827235610937,-0.918903675031784,-0.252318527267322,-0.00166034343791921,0.076081147077829,-0.0433701870082019,0.222221790166551
2.65079661925598,1.5533189461936,0.266909096449889,2.45601120057765,-0.105969947695844,0.0928788461915461,0.002432363575817,-0.00117651945050695,-0.0604525799041041,0.170623864591923,0.518390222542782,-0.198896475401987,-0.115621618556535,0.0425839241234701,0.119080583642683,0.0775436065816359,0.124134221938326,-0.0602748341238331,-0.254379600740639,0.134440051955969,-0.21629547420272
3.16509999577661,3.13957894053378,0.3,1.18766742852414,-0.150286671256122,0.20253027988622,0.72016907262836,-0.242137076804474,-0.0336844714250009,-0.108792741547508,-0.438720087998526,0.225554804654841,0.0634628562069324,-0.0969189608120373,0.0856989738149001,0.171219131046914,-0.0716479171166415,-0.226113342568061,0.127597556326345,-0.188426625665257,0.178015312416708
1.64128187259612,1.97403133506894,-0.212592377972485,2.33158208341638,0.168841199532762,-0.268445008176611,0.662048295014733,-0.0289020671711495,0.263976423947376,-0.0593812417476762,0.315046226967563,-0.0556794916007951,-0.147766785135063,-0.0163933391619006,-0.0331444623115706,-0.109798433084478,-0.144830035546631,0.00531399604436977,0.0508420251534812,0.0275190790519073,0.257835088674943
2.72483288923652,1.07199358214829,0.231213291854251,4.48989988404332,0.240764677203584,0.0774719656404798,0.247272156239913,0.03111715756351,0.0371981991500797,0.011313687439706,-0.109062192737036,-0.18886884327538,0.117568914503938,-0.178698746636994,0.180185125259703,-0.752996916403489,0.20275339991865,0.154255274270767,-0.246239706082232,-0.110947889453355,0.271757752980285
4.9972566616388,5,0.119414489954856,1.01798936966214,-0.204200203817677,0.17831674380384,0.332507749869735,0.223058903411459,-0.203956496107476,-0.0303049814883449,0.385795907570021,-0.00275193594851103,-0.0569077774375819,0.155043278655771,-0.208935082697025,0.774500821309168,0.0460384863522634,0.292646423893959,0.248585417499382,0.0425069262596421,0.0247401769645345
4.72322076474013,3.6301856970693,0.187055607638221,1.54943888910142,0.0336841799071401,-0.182867001566029,0.200676732072684,-0.269339840858813,0.13832731378718,0.141465030167704,-0.560399313233323,0.0250498869668794,-0.218458229119503,-0.12072584540249,-0.296712333510525,0.0573935316759586,0.104132305855344,-0.191465560539821,-0.226795049381654,0.0834670214823474,0.223418764741614
3.56034724094277,2.19974371107244,0.13103756321468,4.37190086522243,0.0797618380353037,0.250871831160416,-0.0325528627330409,-0.29736083209581,0.132540425323451,-0.238184879154472,-0.219115114633954,-0.127979124952418,-0.0542001215407257,0.262690486574872,0.0181920462203556,0.809534576598974,0.249396330066718,0.111381887619635,-0.0889287961206625,-0.273964724629422,-0.222244814949232
3.58603258166712,1.38735029406424,0.0937318549837189,3.75557927835411,-0.008947718770345,-0.0606293619817188,-0.365076806570122,-0.148873311611356,0.289800154225783,0.18576403700475,0.888954609615063,0.00491721148179725,0.146799550580901,0.0140611385809215,0.126946788903592,-0.00336908503843381,0.129155836846688,0.3,0.136158702851475,-0.176337781561585,-0.130883796293353
4.43651434887451,3.50121073374934,-0.175660832311126,3.15943431580735,-0.0349577125445549,0.288725160064706,-0.64448970278558,-0.170751680197414,0.000263119574351323,0.126594047354561,-0.962354303350925,-0.094941091278281,0.0894940485935744,0.139519192208458,-0.120050839256963,-0.835845916023117,0.15683062535275,0.145004903929046,0.186958782919521,0.0858346429122808,0.0395304670582542
2.86267566684912,1.31443624338294,0.219279804933434,2.24274115272931,0.209689012469427,0.168113342563938,0.774758261838862,0.279028676258217,-0.0846731513338785,0.0460063165168412,-0.739167580753654,0.172588293141026,0.174314596390173,0.241325807935052,0.0635464748382067,-0.685134392848831,-0.188263712577559,-0.195707390002954,-0.216998728123836,0.270479195253121,0.0796833534817531
4.8911628264491,1,-0.0207239647328553,4.09894873356337,0.109096455969575,-0.0194509485481647,0.440528399674247,0.286650321826628,0.21336309953857,3.10004610087899e-06,-0.489250215069401,0.113143313175845,0.00744922513397017,0.182183569907273,0.0453768811426078,0.857586188836545,0.0929705289702079,-0.283742922072837,0.0841553072071056,-0.0053179403018162,-0.011975141987791
2.90903562697829,4.42112502952168,-0.28955601095134,2.62586712360395,0.086815661921834,-0.187805523791626,-0.836487984735511,0.214894746945631,-0.00419288922286837,-0.203428795640092,-0.187359369089564,-0.247385769076789,0.0426117702883949,0.110595032516469,0.146594613824666,-0.925647066289716,-0.198767498380925,-0.0428801498953476,0.11636680235089,0.25275353945548,0.158420030796894
5.26776099463871,1.83954219192239,-0.0063363938214625,2.73989989262171,0.198834468269957,0.199455854746221,0.518146482306621,0.155761525680556,-0.0657187311444206,-0.0540588185312948,0.914013484389899,0.213671820636527,-0.0786478578938504,-0.112923171051612,0.17067464117115,0.261416373823281,-0.120021891717641,-0.0779040840924533,-0.0376334084036949,-0.232113544769265,0.104839562280651
1.48285866819368,4.53957209476232,0.285274243746983,3.0603939101666,0.276675137258156,-0.0347230598760291,0.120640855295273,-0.0341031541749962,-0.067733621195167,-0.213998771994103,0.097534464079283,0.264067109369667,-0.016201664651654,0.130140430462282,0.0357237078176105,-0.425960843405485,0.2543242031043,-0.077250601228778,0.213203346583058,0.162356751037868,-0.291301136102982
0.964617491987391,3.08802712190596,-0.237237054271828,2.06987011218885,-0.18111272997785,-0.198372351222771,-0.216547241927592,0.160594774946739,-0.141951769686201,0.0679403165740114,0.772831380000061,-0.232348773990229,-0.110984821475426,0.142911659470107,-0.144645256704771,0.400669686229328,-0.100561378924988,0.137531781167613,-0.187202644838029,-0.0641590314055898,-0.12379473118347
3.66445160916137,2.60843303473137,-0.0449937906025171,2.50618453779902,-0.0238911597995852,-0.21645424373892,0.868794074696293,0.116444573111962,-0.283010498972131,-0.296089850089562,-0.806484587692679,0.167128041740481,-0.047370145104379,-0.188989846961968,0.136170413425504,0.569227847702299,-0.0630836316095193,-0.142894743761135,0.155585626807718,-0.132680733811913,-0.0515865531442994
1.42930921504606,3.88731290735907,0.169069860983936,4.59584154808925,0.053523727037087,0.148417211740633,0.463532122517329,0.0138443711008188,0.113583776872862,0.180796758608408,0.143608791881224,0.28495957775751,0.288643406591747,0.0256799709581709,-0.038000071370038,0.240586151406938,0.0753613092780799,0.0512825758570095,-0.175011993483714,-0.034546515118604,-0.00657571680279234
5.09182392575855,4.08686709005295,0.148946907257381,1.34621057512037,0.254704671527117,0.13801797968501,-0.14279125796385,-0.258076946346384,0.0455923815369832,0.204662519847503,0.435259728512361,0.3,-0.25240576174885,0.272160831068702,-0.173115602688447,-0.816705068944391,-0.0127915548151932,0.284969315419686,0.0712335250920688,-0.0924184175527042,-0.201041812007921
0.609837865935427,1.68655098098548,0.239189216360201,3.85496573035367,-0.101113686969616,0.119454991472099,-0.620476478097544,0.0385395868957666,-0.0521611322201336,-0.011131016332018,0.328167969311354,-0.208254228273,0.190126991344023,-0.0808832853156454,-0.074382166803742,-0.461450514341595,-0.219152333085967,-0.237276155089369,0.196770804374447,-0.258980468941297,0.0718464447390614
3.07612427321278,1.59042287108012,0.0163580547543144,3.09136351630555,-0.0577392487107083,-0.290382491455668,-0.898178893427027,0.0904075321180918,0.202980212903265,-0.0961165335999243,-0.348362179128844,0.269918094805468,0.0551332509318729,0.174627099628722,0.0973109771867666,-0.132096966660807,-0.264918830219427,0.191706346352678,0.0633916448411037,-0.0293298031487191,-0.275837920653808
1.28995641394608,3.24366605342192,0.184889345055734,4.17455471154877,-0.175238791395186,-0.246925067813869,-0.696372368180127,-0.164690872325758,0.15706477424331,-0.0836202337133766,-0.175637769458629,0.00989802549304236,0.236362514787595,0.148711045767798,-0.272143466078438,-0.0880516960522915,0.185935862216449,0.0289877850169587,0.286118194340996,-0.150556667833895,0.238768594225407
5.69028463013161,1.77500057034551,-0.110642130273628,2.41469723064225,-0.217513713641807,0.163475472566188,0.60082226524435,-0.288000664378965,-0.00753387787669035,0.0135234189496355,0.971013575723312,-0.219886237438413,0.259606059927764,0.199920569404528,0.143224637691996,0.199454103920809,-0.179622753199822,0.196843615841878,0.3,0.093317559736353,-0.245345396309945
3.73156470105212,4.14740773876722,0.0230266057925059,1.26796919005027,-0.0386990503548035,0.232962059164188,-0.682621127261482,0.18613231133799,0.0950568529493751,0.12932690928827,-0.842883266677944,-0.268361934212971,0.180837392454434,0.102579647216755,0.218880775973441,0.133748177992415,-0.125066056475876,0.0403584111969861,-0.0680232404605773,-0.153221541462272,0.165740703280538
0.259085236639752,2.20974655117738,0.0362804615179946,2.99563882842164,-0.0497240567079686,-0.177637483993542,-0.177708223789457,0.0806473799466798,0.25940510517434,-0.222002650112352,-0.375496327622416,-0.29309580511531,-0.0913627402199906,-0.0334489041512205,-0.0864650453894901,-0.943376316927188,0.0688847344880212,-0.055690463411658,0.149989712054383,0.100342725512977,-0.284991231344429
5.03772323177716,2.48469963722307,-0.253322481154543,4.5190467870545,0.202599222835463,-0.152089595069383,-0.53819136237727,-0.115863459157685,0.0562552899602212,0.0396415115269084,0.120730605513431,-0.080193976780708,-0.265487104522575,-0.161647213869362,-0.251845470108474,0.0196417592691855,0.275308648386265,0.108332337712917,-0.116247021375717,-0.0109431071907054,0.0586636312309056
3.32072644865966,1.95235643023788,0.102973069840676,3.21297541133088,-0.187863924042179,0.281461344379617,-0.0660593702035406,-0.0820853198922642,0.25133680259616,-0.135700298259053,0.26248306893465,0.247807309556923,-0.228911875162023,-0.228196452885588,-0.227669220457081,-0.567561280473461,0.223096398195388,0.0332917700590687,0.242683783803317,-0.0571234733733709,0.044240390112838
6,3.9487864619572,0.125294149762311,2.63847589895168,0.216415102991102,0.243983151847685,0.962717990762104,-0.0589348630721143,0.207456028759839,-0.157026152339674,0.745977848186881,-0.0100776114399881,-0.281433343871964,0.066061901283647,-0.147219294238357,-0.799826104668417,-0.268984383715002,-0.128285187681999,0.0843488424650156,0.115236158065826,-0.143620735332775
1.53408975960362,4.73923718384681,0.13963646659883,3.35468779230878,0.27116260175985,-0.116337249661951,0.266277412345033,0.0612088317586983,-0.110017850255528,0.243610602000453,0.815772736606545,-0.0393799116981333,-0.0347629624910114,-0.251434369056268,0.188934024943278,-0.971827004264983,0.226180563304066,-0.268058295518914,0.218621075961835,-0.0498577548965796,-0.0784536778671447
2.80772099767691,3.92606629498072,-0.231479459894689,1.14809032729988,0.157096977487101,-0.147415942909599,0.173363447938186,-0.264681681572447,0.193357387808492,-0.0458393331255261,0.167644409149651,0.179639426686627,0.168329627651279,-0.214463498982374,-0.0996339551954726,-0.326083502641283,-0.139865139631065,0.201516515485338,-0.11565528711414,0.178143607558415,-0.280902169512786
5.77797649631831,3.81294231684662,-0.297954155552655,3.68116454234659,-0.116059191802779,0.0818271479918969,-0.258715922486751,0.173477950804199,-0.151106686140262,0.229846905327328,-0.648273663454422,0.0488774108578438,0.070561609617127,-0.275370135557774,0.0789969841072747,-0.365943567508249,-0.260156246364445,0.211267576700661,0.108214382121416,0.260687525880097,0.18567334477997
4.60298519544653,3.03992963798382,-0.184268223089034,3.69221038898394,-0.256227928938983,-0.0577798557421026,0.986896540015993,-0.157483343434651,0.234322106842603,0.270091327424671,0.448866850060033,0.0147091621098746,-0.0235897530649576,0.0776011910417038,0.0549552882427394,-0.711183922242043,0.146461851013299,-0.167292151135799,-0.222866883697167,-0.126761600360083,-0.0977733671634525
0.719395215292129,1.22266287207706,0.18041603894139,1,0.146720163104061,0.0331152508603086,0.493952034883131,0.143719642311518,0.00852709588974332,0.121765027223037,-0.599414822265996,-0.200395574671031,0.0466046523011421,0.0343439323283725,-0.195068844152124,0.00743095415520445,0.198073251573186,0.285101817293627,0.0296724528281958,-0.291777902813044,0.283014036600287
1.01678807336325,4.62219311767866,-0.135663156538554,2.8864624438386,-0.281001626951333,-0.0433243060527307,-0.190806863884902,-0.159521613082334,-0.278575784710063,-0.290842590627695,-0.672647029739583,-0.150656555178904,-0.067626295323186,-0.146760719824333,0.0206085646275057,0.229729547379351,-0.114287593173143,-0.212663408404869,-0.29085507760044,-0.084187059644798,0.244554520557834
5.1376485168215,1.66849293946916,-0.0135064900292841,1.41029570771534,-0.0824797861180527,-0.0768696182638691,-0.784407745100049,-0.0223262242182837,0.105224838149571,-0.171433667862311,0.709230419730279,-0.14773420217258,-0.209741528208983,0.231179048411216,0.154157131830364,-0.677936106460172,0.0567656903439473,0.224914792105276,0.0119026220937597,0.150863737541589,0.127132097119218
0.734812322874674,2.65554972836602,0.249693757277125,1.79122064083488,0.174703832854356,0.190468529309922,-0.653804316686038,0.0754578641980539,-0.258189709704794,0.159761881971047,-0.771240917298497,0.156986129573831,0.133356748097691,-0.0190361468576017,0.162231850488241,0.699618439374375,-0.212463973644373,-0.263305473853781,0.238010412194156,0.0651519813975662,-0.13564394669668
2.02776771062695,1.33088763066516,-0.204403296617862,3.9489544772501,-0.00392411186487596,-0.204954225414297,0.81789028006479,0.243712914478978,-0.163480097556006,0.283196968024588,-0.459063503318012,-0.176691571193626,0.219708204492111,-0.231721555639327,-0.0128179345611422,-0.179503494968965,-0.164948962410162,-0.106510655389327,-0.165001024943284,-0.3,-0.0905227836625055
5.38279921891672,1.18832958167342,0.0627879098372192,2.29482338512297,0.247462773196577,-0.159882177458694,-0.4327395553466,-0.280244818744789,-0.266533354789227,-0.166421520661181,-0.705404600971927,-0.138382358051413,-0.0715842813660887,-0.0699480568907203,-0.0940054941051335,-0.610164987100132,-0.133214531999976,0.1654203722572,0.272989261542023,-0.289041894762668,0.115553998927262
0.450902192196606,3.70359103541054,0.21507624213871,4.86230220085983,-0.138125325208133,-0.226820647073515,0.349376629059598,0.205999951902904,-0.295263575630778,-0.180728402689567,0.858784993620522,-0.0225841051711377,-0.243729245208597,0.0928770427650537,0.197050906760108,0.915467610672614,0.17574331228007,-0.3,-0.3,-0.161527836779181,-0.0262160029534153
2.09976647647879,4.65155112246951,-0.0701645392002294,1.58266079893005,0.121515429296152,0.0563298208617544,0.796258131630597,0.232125743877689,-0.231356388029181,-0.161724567486779,0.972203233142325,0.223193949074655,-0.0392241679535471,-0.3,0.3,0.534786884988091,-0.0837684352170549,-0.148536684325889,-0.0609975585289942,0.248313046385405,-0.150428926471017
3.79454850612514,4.15741468100272,-0.0543350603681746,4.78270259692127,-0.22423683292195,0.25612095761241,-0.987195307583501,-0.18082148594727,0.0740680494692554,0.189359622518875,0.944852184435576,-0.273641802629701,0.150042249837014,0.184363517423835,-0.222184628729046,-0.220105901468918,-0.0900460719228604,-0.200881983757689,-0.195027510746862,-0.0167152507764962,0.198222308915675
4.80544602114859,2.32175944621696,-0.196534751632226,4.03281475644538,-0.292118742180789,0.277351995504035,0.671772591068566,0.258248063076071,0.226697443862543,-0.117300041641374,0.631375920674361,-0.0741321853369955,0.029803082933002,-0.291426677196922,0.265039393535032,0.457676387381143,-0.0500730811723025,-0.0330825754454031,0.210225359173249,0.164685755170915,0.0773583814016739
1.34653119587105,2.03492663603615,-0.240480211748258,4.74085802468542,-0.145519833816173,0.00617211324919115,0.68946939419716,0.199220087685058,0.27032063243497,-0.233644671788168,0.0780320054975776,-0.109356524000418,-0.274709003785365,0.191989920842787,-0.158179891418484,0.734880824593811,0.0243016423206003,-0.15091315307563,-0.127324576359698,-0.2094240096972,-0.233058310706648
5.50024147314001,3.43413592483386,-0.155140639193979,4.31225571771211,0.161934938149668,-0.106997510550725,-0.457756754028738,0.121899171529516,0.0881096253213062,0.3,0.49269560703512,-0.162068985371655,0.207244935568971,0.27675896283535,0.205778907912097,-0.594413334047982,0.16185594503567,0.218635981380668,0.00494198965501341,0.222385476133969,-0.267490848608153
3.88873522798711,2.71506703449213,0.279732360675639,4.94852665191356,-0.232677021921219,-0.21023365865115,0.832774429941237,0.190482369350478,0.0316154772899896,0.148213285060343,-0.911806443261909,0.186021927957571,-0.0870453586101504,-0.263873342821586,-0.248621406592633,-0.235120486096271,-0.291307189979099,0.267060822150486,-0.132301756834245,0.224443876585479,0.00799702587572321
2.26692706450761,3.859811966874,-0.122834294862236,4.57127288410488,0.118725839842806,0.269318443035123,-0.511669573392308,-0.0961899058258506,-0.121203830407753,0.00279951598282113,0.0500308562573402,0.1994093126899,-0.202218076814652,-0.185827338493075,0.00970899937967368,-0.850567406913979,-0.0938827426475622,-0.174987707893784,-0.0235456399756214,0.274795586704493,-0.263142062490463
1.58087262169566,4.05425044987965,0.096466207628951,4.34524604888796,0.128410682342389,-0.229169683041453,-0.0860395321932308,0.3,-0.103621648619066,0.0536660313263718,-0.0515878927087173,-0.258630638277612,0.245234190930734,-0.28319717616679,-0.266679312785775,0.74797881257319,0.0322889490326588,-0.250405041892839,0.0262094323253748,0.195881369361978,0.00323887589394833
1.08230340646825,4.0131113529377,-0.162208784125108,2.20930179059211,0.0393371859970915,-0.287825018875999,0.0400146486027104,-0.236319984182654,-0.129683635515034,0.297768125336197,-0.748612046211857,0.240312757507266,0.0281435435568027,0.00413346662260733,-0.136009950851999,-0.659811218529287,0.233663601534229,0.249594451286092,0.175532126439017,-0.244911476545358,-0.0730098999778049
0.231950579188245,1.5147419301259,-0.0954542598504946,3.45823629475684,0.284704368392706,-0.3,-0.763686022013283,0.298899989559291,-0.019955609809866,0.214494770589988,-1,-0.033479143268337,-0.13071153679673,-0.244754468630453,0.259733991345372,0.2058216039761,0.0302217723423812,0.171655355353131,-0.258939462235067,0.169799171812851,-0.0629956044781598
5.83495537085615,2.3572189064854,0.071775768016106,3.90577749608485,-0.0771377008905706,-0.136466928043255,-0.225429985792116,-0.202996184250043,-0.0878397529628901,-0.124761773742478,0.0146011207369274,-0.0262563335177318,0.274483211723014,-0.00885191560161636,0.271463034458731,0.719208808586212,0.00356925185338663,0.0610986339907099,-0.177932402920485,-0.202424317828107,0.287946715348562
4.31190174728802,4.55650723967859,0.205058241106865,1.94650782976367,-0.168599386173892,0.220064409685002,0.390979733519227,-0.0075509273935469,-0.0932435170268242,-0.3,0.576995148262829,0.259881932707464,0.0142970637464281,-0.0491762092817511,-0.200569825873964,0.97461518416087,-0.148096444964672,0.151823400793084,-0.285360776820519,-0.0768841803014462,-0.171378781121489
4.26488370173221,4.81038145775569,0.290523899582463,1.67409484403961,-0.3,-0.0900932046941416,0.733634832921006,-0.0389012569885602,0.0702281488164078,0.154105805746692,-0.610888068414605,-0.10080320317814,0.212740923570515,-0.257737652246666,-0.166214293602316,-0.491114182033413,-0.229980004294318,-0.133942829643251,-0.210300025460782,-0.262921379760612,0.206501038327569
0.0792833125386601,4.76074577972636,-0.260344353911872,4.14573684710015,0.0556630152282859,0.0400131107796436,0.889568254594187,-0.278729916768692,-0.24486194083466,0.259447508833008,0.893683821198378,-0.240818002690083,0.255083721260196,-0.0767118641805491,0.273505349858823,0.649086025783096,-0.0221264503538418,0.12023119993842,-0.0471663275631407,0.141307955608985,-0.0451699983060727
1.84893830102223,2.91250331842959,-0.150990695367828,1.24016223536531,-0.261963078296742,0.223515229043877,0.575323027614885,0.275340918637578,0.19605706089227,-0.0230090754038508,-0.287640763098211,0.0901291908841137,-0.22217576919948,0.16964523323081,-0.179849660488839,-0.360484233441538,-0.233487481006725,0.158436542281322,-0.198417274068637,0.239371101110782,0.290513721290019
5.2351734147608,2.76413808193688,-0.0742935907554221,2.15904182555409,0.0294813694168182,0.298395013216409,-0.120505250367011,-0.067603414475762,-0.284797392997401,-0.0407904721192244,0.597085130316537,-0.288919948069272,-0.00552585251923882,0.295662549967719,0.0678516735145984,-1,0.269826809189839,-0.217789790291404,0.0430224430531601,-0.199253058148424,0.171370253906871
1.87547072514855,2.11049055270411,0.241216703197704,4.44870653056753,0.231343777029296,0.0973303497341663,-0.812537019529496,-0.0448385642821491,0.291439613408468,0.233019534579191,-0.47403578931146,-0.065372992386271,-0.173771843286809,-0.140486992844016,-0.061688726463803,-0.279531632018417,-0.189553225348755,0.132402696537317,-0.0983676052675361,-0.271990725602627,-0.251676361543605
4.8994431665829,1.083364883219,-0.265935084134338,1.65517634531123,0.133852661307883,-0.12073355956945,0.624971904721472,0.0690406901161006,-0.134373332049296,-0.249805246841078,-0.530504718256413,-0.0664107782510601,0.251788138030973,0.258517815904723,-0.282581569571203,-0.0388326673758262,0.0843328007111386,-0.0189155571780323,0.0953958895850529,-0.252161136706035,-0.215297080884248
5.86312959108914,4.92768295005014,0.0495182397135585,2.80838476208187,0.25627862866113,-0.168831258913597,-0.600245239658957,0.0460689660274058,0.0969459745158118,-0.226634845125344,-0.944464337196381,0.0591245559651488,-0.165261017096518,0.251381394757201,-0.234181783003921,-0.890326774263107,-0.20475732161246,0.0711438987580471,-0.233053510320656,0.192796850228245,0.232242946786716
1.74848279574786,1.44887720691519,0.195911637561542,1.90693380495156,0.044319791689642,-0.102428055715729,-0.866780275406626,-0.136636422654816,0.0640759698449332,0.244315390536,0.362856727846245,-0.223299516123091,0.197442455174497,0.213724507139041,0.235639526548433,0.346713651632269,-0.278972308437281,0.127676470296971,-0.294265782412251,0.235519764909203,0.0348273668052715
2.31917135466934,4.96996671816794,-0.0411273853677692,4.66737543124889,-0.29715501178449,0.111188316295828,1,0.00777942659051001,0.282658044433075,-0.0710106054984015,-0.319337633842221,-0.3,0.0350444805168129,0.283419562739077,0.251250294571453,0.322337406057877,0.0379312068012329,0.215352422065457,-0.0951850105161097,0.28719993486603,-0.0677747344364535
0.153491860923844,3.39510827332792,0.00642765006349522,3.03404412058338,0.141239759732185,0.133015140568085,0.229828709668622,-0.230222465494977,0.236858208105164,-0.196649396550394,-0.982223054370479,0.12932209444662,-0.292157305172688,0.162146262038208,-0.275661920063952,1,0.138097387692992,0.0624548690068975,0.171633514668004,0.293475775940069,-0.167600177080656
0.364509086241381,4.2375549656051,0.161332358312993,3.83612298107288,-0.230403799721031,0.0310699136461787,-1,0.0644517480945667,-0.186002134419326,-0.282645532604501,0.373218055390602,0.292668885655374,0.3,0.211847506642567,0.248204494657017,0.786783892913076,0.20764036319553,0.266274251980153,0.163476018723603,-0.229354138936801,-0.0841581629072516
0.835113328868616,1.15685862138612,-0.277342225767263,2.77087965989512,0.114602536013424,0.0726774479571825,-0.718376386197263,0.238205760170709,-0.23721941924362,0.138095129892626,-0.158020499691252,0.233276141776558,-0.285441385232994,0.237229478977645,-0.0798988470951261,0.865566269242485,0.297521690676845,-0.0899697074046694,-0.240747042156506,0.11423420889691,-0.257717122878716
4.6585289544138,2.5695989335673,-0.0880981197248356,1.87158531035423,-0.271921081953915,0.0674208006864952,0.419752255073319,-0.121910627911277,-0.0997297841766319,0.199899647614688,-0.633659408743483,0.159296138549291,0.282233241047662,0.290876197731923,0.240014055849781,0.157181354399172,0.0857345293799469,-0.209468841368188,0.269451140467375,0.217067159010529,0.123261760116492
5.65033195234993,4.46088410599201,-0.0271871771749497,3.58128947305062,-0.126516243863314,0.260891680537564,-0.304335347312709,-0.244714365615253,-0.271283418270275,-0.275841468920069,-0.232008930295168,0.0806806446033185,-0.3,-0.0268687221685117,-0.258768665703925,0.631943548308728,0.116369708151716,0.2730910028839,0.258528824940028,0.108083717638535,0.3
2.50194361867995,3.12985345771472,-0.134228652025322,3.24221349639488,-0.265040767262391,-0.281103895301039,-0.800657384513356,0.214202861387956,0.3,0.264892041838062,0.0407976710015856,0.0920000007565928,-0.237653470181377,0.011285449152258,-0.0566037230892308,0.315595543552883,0.21492064307621,-0.161488297656524,0.161282972891684,-0.182594021423321,0.215046824164468
5.56730756974565,2.89153449018868,-0.283477326559327,1.76973777152305,0.292344727235338,-0.234582038807955,0.445550728958406,-0.199023769407912,0.159920625795549,-0.130975563221653,-0.522901403057937,-0.264648877715987,-0.297495243745423,-0.165663361528667,0.182795850055732,-0.732385456293411,0.292259653602944,-0.29369392642151,0.291556558076298,0.0742510766131058,0.268611474154981
3.92952967588834,1.74527415080384,-0.0663083620314877,4.85454191640859,0.288633364281019,-0.0221640478034464,0.618971768931122,-0.208183461419425,-0.172742960952625,0.0990912081844121,-0.717994341419165,0.100664523626248,0.104190800725672,0.0551702385174626,-0.0528476820565798,0.951670505698375,-0.294878982715285,-0.274065228942745,-0.163439640845483,0.279067393121416,-0.18099058712403
2.17235110665333,2.44926113091248,0.274190018764102,1.05388995772261,-0.249100004140277,-0.0721630666892157,0.0201220337083243,-0.213466819177989,0.0217527069974108,-0.270596529663777,0.540263707106714,-0.115383454176787,-0.118882744318029,0.3,-0.0708143370171264,-0.0738674718591202,-0.24809397855448,-0.24605094758942,0.22907234066476,-0.0187656455336093,-0.103483487835911
5.32133695178731,1.40849667615011,0.226465779761046,1.53664145560253,-0.133809076746747,-0.263059831944636,0.755597457008778,0.123220056867781,-0.250737339383204,0.252928360460988,0.615429272218491,0.283186968196788,-0.15030881756813,-0.169651926913294,-0.122005879124921,0.465623790524454,0.0671627880144944,-0.0077210725813433,-0.140463119043737,0.0207431396593332,-0.059478542993478
0.566573047157422,3.54328249894889,0.257515960508601,1.43955141099202,0.0133553738408085,-0.00811492437618833,0.847049821836525,-0.3,0.170665435120852,0.223088140596882,0.277186676124918,0.209176158115609,-0.139740173853443,-0.237003281934117,0.0492372352427621,-0.305420130779432,-0.0254465866410485,0.246736340262535,0.284079610130219,0.3,0.260512043095707
3.01376874487305,1.90705425091246,-0.0011541759383496,1.72467848080008,0.3,0.100294454194045,-0.949295250341306,0.148679997704336,0.14249104927374,-0.258408408069231,-0.0862688966681725,0.273616753163971,0.290428126552734,0.127689874618675,-0.154617086410839,0.929561566271679,0.259907191287968,0.047791749349711,0.235404756520342,0.206882475981799,0.251069353002083
3.25432188379002,4.85198723281882,-0.3,3.79532227580195,-0.029009906011611,-0.0519119013603833,-0.0497209196706833,0.253873956960386,0.121347323061169,-0.0260768339287418,-0.89042508828259,0.0383708010043885,0.267864234618395,-0.289986647435766,0.280584322843936,-0.0480951350748872,-0.240281794558934,-0.281173022265338,-0.271958061047195,0.125857271574195,-0.3
0.324360835364546,2.50356937478755,-0.0346987897925904,1.32312908557426,-0.240819599275853,0.11731326891967,-0.280602865803483,-0.251610341813555,-0.0457761565351945,-0.113263870786756,0.243432040298568,-0.244049709988788,0.161692762442571,-0.155369673359859,-0.3,0.283416492547978,0.282922466685368,0.256585447048525,-0.26260127010005,0.187511843732225,-0.0203592984931129
2.40565384627875,4.5016884575391,-0.222434160950371,1.13360776668375,0.100021676846856,0.3,-0.931281752688075,-0.127840601087135,0.167642819408529,0.0247013770148715,0.688874487710234,0.249853119438673,-0.031935646568955,0.0221508299955667,0.288443324626542,-0.293260427361871,0.0124895701506788,-0.114632240027261,-0.00806577668033942,-0.238180086313515,0.0221105624903919
0.50349450206086,4.3422939831532,0.111982135482257,3.38409428132617,-0.0880630215595661,0.265955934449317,0.296770482013196,0.264415949305143,-0.3,0.286768933581114,-0.880571022120258,-0.279958682701451,0.231739264976055,0.222207641260513,-0.0023143344866563,0.836223755825938,0.193354006672676,-0.0892796377461212,0.0358892990437114,-0.282213291614322,-0.234322155560673
1.79084808095343,1.60728446245553,-0.0570240504889385,5,0.0027524548763459,-0.273383883967441,-0.872729330093634,-0.0903543516071101,-0.156827497136073,-0.145448615360242,0.676969477907887,-0.183720010446886,0.162667229725203,-0.19598648817954,0.216295798735249,-0.40668741932511,0.266619079974404,-0.0165158158763872,0.26348881762176,0.203864546714463,-0.109527082626316
1.93701489915288,4.70989654535298,0.029054558681635,4.22957971353055,0.190598557639233,0.0257932624105993,0.371553889625553,0.251007920264403,-0.0766313202054326,-0.0138515231505862,1,-0.0473171187134657,0.00277324293326753,0.109165772762053,-0.289674854214882,-0.190936922380092,-0.285145861592224,0.235452815195127,0.122629175021938,-0.133855343045864,0.191638586650676
5.9799918889567,1.24451162425562,-0.218466529852555,2.14405473301653,0.266984851828653,0.213955773256495,-0.95245327625684,0.0317313938362915,-0.19413599965434,0.277671607138162,-0.863742800158285,-0.216496531306099,-0.202840989480457,-0.133633258323968,-0.215959656029335,0.89438914514068,-0.0363422107706058,-0.230329100117543,0.020555711951699,-0.223728779539839,0.101686820597189
3.82054505233173,2.77751820241619,0.264362751520857,2.00177234756457,-0.20857163054542,-0.0289707972527359,0.315314400231172,0.29289144368233,0.219077438025555,-0.266713724245579,-0.810390558403068,0.0648535380281,-0.187306590131994,-0.0549599177988379,0.294462615540142,-0.515332278975093,0.3,0.0902037535909309,-0.0356934124607927,-0.0895601262752812,-0.160206189715801
