122.294675334935
128.802723543082
137.814969045062
122.149279245852
118.040659091749
126.594080178116
126.793821007397
122.995795683276
118.145384218982
122.412813115211
125.49952430827
126.514535980379
133.624969346777
132.500128025511
128.902538261617
117.919396814397
132.263317858795
135.944795667048
127.177323512355
119.558664718003
117.068440482092
129.166082467899
121.441609543797
124.016236300239
126.414886752706
123.447231774296
120.454996000502
118.34120120757
124.440158264531
125.454629666346
124.996851961677
131.090138309233
126.832085106181
129.464079538525
122.067352126692
138.7781298362
127.195108001983
132.4160616547
122.806258636444
124.293348531033
130.467008788356
135.262223876794
123.894417776658
128.989071157878
120.570634530401
128.214017732262
127.637580720279
124.403883944528
126.809971548086
128.77547673491
119.431062458736
115.634394995892
126.931769743254
124.021943880977
132.434272801706
126.833381996545
130.197329743389
126.629304129767
118.233508204937
126.686333739612
138.091868964771
120.42638263989
119.279721816063
126.983037020633
135.295650159922
134.915895046756
127.239272940569
132.803074375018
125.066885496204
129.787171948883
124.062514532919
127.231387223048
128.640607765732
127.689757002724
118.443449731998
115.386454741491
132.874159660545
126.084800109248
119.19736055195
142.616035267986
123.348532240174
120.766729440653
135.200291371274
114.656243274139
110.918033081954
126.625964570294
137.779974258581
116.568739459415
132.079281898175
134.990115677507
127.568111701954
123.632878782484
124.696966720229
124.432227606876
135.501530521127
130.000994669099
132.203721090687
132.467298012387
135.381296355903
129.474906557797
132.406745278501
125.023614536014
115.160040898741
130.417312562862
115.059069678702
129.927513280714
120.79238266739
118.814262879242
114.41651946755
122.303968136136
134.548306282397
127.611435706657
120.02634709309
121.662160734808
116.139586407473
118.747124999358
128.548529263233
128.168237599094
115.441320972949
113.193466455892
123.743277955276
126.569987118315
119.202559651632
128.200729147582
117.792216140548
132.56581418259
137.137624444355
125.882611094098
134.440064177288
116.603008774118
127.154729378316
115.105220310258
127.651526327704
119.476591121022
105.27354986678
125.774148081489
116.531236736881
126.757074689509
128.299993921136
123.835714238649
125.304121356432
120.170052746507
130.998896234386
115.811709137072
125.077753195393
123.2681908445
118.680662258654
128.133421895844
129.516594828631
126.384570672751
123.741433311038
125.359025961304
128.916034444473
128.452390703549
127.252889296819
122.744988168716
126.515428316082
128.522801720737
128.888865858502
125.131052617852
122.514033069236
123.444252442028
125.339022728761
117.989126728636
132.040831204976
135.284503144808
127.262147538323
127.495555837543
126.790113757795
126.134860588297
145.278506230885
129.757253682365
123.063256829792
128.699364275773
134.811782480019
122.664635739449
124.485520574455
112.164207225533
124.053162100262
115.178845924312
115.473861062488
130.681939400483
128.367792940468
126.242436705175
116.156534153229
129.982049779326
112.808021384856
129.001674541689
115.810184303536
129.739896758717
117.244923024579
118.365422753185
122.587911919234
126.107964257696
124.309563389894
115.882839324717
129.161403561896
136.611106544189
149.814380104937
120.554877988885
124.70024096431
140.534469618293
145.726784541448
127.192004868847
138.01387941953
125.776882623459
124.749074753505
130.658495405852
124.700377366311
115.115032702012
120.185709839805
148.989754482347
123.695392731409
138.46069508946
123.404687778935
136.716630502446
124.400749123654
84.7771410486647
137.380795266997
98.1923367376556
135.697892799636
132.541123638964
117.201927054204
125.78126043951
111.226677284275
129.705405693404
111.803651901818
112.749482207668
120.164873247433
124.126209581435
121.769827281393
126.508949396555
116.807127096945
111.247648425892
123.420815659185
128.407490462216
112.857799611178
111.773764862704
134.266854954215
111.462587159545
128.174477656554
115.197789912504
113.326463531047
125.629593745502
123.621319398723
113.308938651398
140.483439064113
131.106230923945
127.739741131926
133.838297221755
118.328645736792
93.6386900436288
146.921823483149
124.027733172597
119.304309796619
126.189925386319
130.345585401281
133.589802492038
131.330000047584
125.753194382948
134.726396621363
136.325451985431
115.743411082337
124.827982572933
116.68309571733
115.332247807107
136.211943314067
107.446826507456
133.694874285779
128.746385790525
137.297223528793
126.358530196433
144.91879235661
135.846176176909
122.674957839009
115.10945697287
120.415195618585
139.617437723057
128.489467855678
141.891080778044
109.220112746743
125.415928893494
100.335516105032
125.255431627998
139.292142680649
116.277587431554
123.882250027048
115.277561962752
124.709926874052
140.519351619203
127.944088035784
137.118654004886
123.919597292178
101.807432250017
133.097508139904
120.542488941133
121.34159435216
115.093225395785
133.157733508939
125.283094254446
123.609126697889
127.384079463292
124.221822375211
139.87657619236
123.585325078079
128.161019713717
105.73777393461
108.961396625247
122.692812185013
109.27784175633
126.419058984164
116.422124944083
128.917946115962
127.567364341815
118.796345781175
131.094632081601
124.176129932657
133.940718120907
124.464178031558
123.952223226353
115.965967624275
144.443577917164
114.710926680781
115.37756944759
133.869798894541
121.558083632166
127.940772328239
125.067214441846
112.527472058515
117.493770409663
125.559602473133
122.446719876761
104.2053792986
132.169162303963
134.54176961923
133.914741489477
139.438049534717
118.226497862477
130.202293022511
120.764259367335
127.840058120659
130.239682568586
139.740291556709
130.307941843598
125.313457165051
126.893554798405
124.27055139286
117.990927825016
124.797123823013
109.453255187407
117.78410229423
130.687626724708
126.031125435748
137.328975046471
114.101461508811
125.960600739677
126.589857057922
147.737712141444
124.200102558046
127.731675125747
115.188447363824
141.783631555568
139.574168030932
127.285776173257
123.403830448089
112.248504575896
135.47317906447
136.789240950418
125.463953644386
129.640081043848
100.200388008087
113.056108325657
117.728356901805
118.401731404753
104.526629932813
123.274107178282
141.182825387772
141.087976581658
137.183075647732
116.036577004822
116.570621278819
121.363749802895
136.039360626161
147.185528856075
127.939732759921
127.276470939166
132.863864360215
127.838470642744
138.455260044227
124.529804927045
114.343657083913
122.410573369198
118.432830595374
148.799915322117
128.86063465219
136.749593056269
113.51780101735
111.06740711387
125.203243592226
131.189410355606
119.495589325714
132.091418194651
126.127577294753
111.847529248946
130.106532058689
110.713723419702
146.612454715843
125.385332643244
126.994161863075
127.878137839113
122.666014356265
128.921699397785
125.535576876435
130.957143943787
114.080239462665
118.864038227255
114.979154077461
109.699246617582
112.962312220219
120.147978676372
150.377925948948
122.967213585956
127.132002331199
127.743722848907
125.532110163686
148.62191411483
114.070301069826
116.87012695757
117.366784391267
112.782428296269
125.860380017233
98.5060919284739
126.510004023034
131.407123368149
123.725609201773
116.059294830795
97.852822372669
124.644130191294
129.493243615137
123.449602066612
112.760774467947
123.712284134515
122.548336236563
127.345331932187
132.429564992865
118.082664192284
126.259072947249
123.88462404697
142.776350572859
144.31239911858
148.03989931192
147.973595058884
123.462701372304
111.205329373219
122.470665742787
144.720349362864
125.626707316384
127.080731269705
128.25477187903
117.336853154332
120.330235024648
114.740085195475
116.555285782852
126.700463048755
107.280370720589
125.727723734994
118.846207510614
128.911340693865
130.391109685716
119.55017088018
111.631216442871
124.452598728294
124.273458782362
113.129527250173
114.042349706627
124.683793018947
128.20294566204
131.463420737248
137.116478146086
90.8405189155319
125.821119409902
116.039774468603
131.725260387003
116.108718319206
126.385821484797
144.087476400982
105.562812211289
132.951060771436
122.983916967024
132.453983883831
130.897296948482
122.031224655299
98.7130636689133
113.558664187427
131.119861786091
127.263613876376
111.953399706614
116.192246425357
139.735513709507
127.903680159008
